,open,high,low,close,volume,datetime
0,28.0,30.0,25.0,25.0,3153598,2018-06-22 05:00:00
1,24.7,26.95,24.07,26.19,478565,2018-06-25 05:00:00
2,26.51,27.96,25.5,27.75,380046,2018-06-26 05:00:00
3,27.79,27.79,25.345,26.64,180148,2018-06-27 05:00:00
4,25.076,26.81,25.076,26.18,186739,2018-06-28 05:00:00
5,26.24,26.9,24.572,26.79,169299,2018-06-29 05:00:00
6,26.72,27.735,24.77,25.03,149468,2018-07-02 05:00:00
7,25.21,25.4072,23.54,23.84,102040,2018-07-03 05:00:00
8,24.0,26.8202,23.86,26.36,138430,2018-07-05 05:00:00
9,26.33,27.3884,25.735,26.34,113306,2018-07-06 05:00:00
10,26.82,26.99,25.03,25.98,41577,2018-07-09 05:00:00
11,25.76,26.66,25.7346,25.91,29498,2018-07-10 05:00:00
12,25.8,26.24,22.8511,23.31,153172,2018-07-11 05:00:00
13,23.5,24.17,20.88,21.11,155581,2018-07-12 05:00:00
14,21.15,23.45,20.22,20.86,280033,2018-07-13 05:00:00
15,20.49,23.07,19.1733,22.75,359155,2018-07-16 05:00:00
16,23.4,24.8311,21.19,21.77,300753,2018-07-17 05:00:00
17,21.71,23.37,21.71,22.6,120258,2018-07-18 05:00:00
18,22.53,23.46,21.5256,23.36,67512,2018-07-19 05:00:00
19,23.09,25.59,23.09,25.2,95095,2018-07-20 05:00:00
20,25.5,26.75,24.23,24.91,59130,2018-07-23 05:00:00
21,25.18,25.18,23.25,23.5,37636,2018-07-24 05:00:00
22,23.6983,26.1,23.6983,24.35,178543,2018-07-25 05:00:00
23,24.25,25.56,23.66,24.49,65019,2018-07-26 05:00:00
24,24.5,24.93,23.6,24.21,49441,2018-07-27 05:00:00
25,24.59,24.9,23.16,23.68,75070,2018-07-30 05:00:00
26,23.76,23.8993,22.91,23.48,54920,2018-07-31 05:00:00
27,23.46,24.4825,22.78,23.36,181618,2018-08-01 05:00:00
28,23.3,24.4,22.251,23.85,204652,2018-08-02 05:00:00
29,23.82,25.9511,23.26,23.6,50612,2018-08-03 05:00:00
30,23.1,24.75,23.1,24.39,70271,2018-08-06 05:00:00
31,24.58,25.97,24.44,25.23,38326,2018-08-07 05:00:00
32,25.239,25.8399,24.886,25.28,18212,2018-08-08 05:00:00
33,25.12,25.938,24.84,24.84,9287,2018-08-09 05:00:00
34,24.64,26.9,24.64,26.9,30924,2018-08-10 05:00:00
35,26.9,28.25,25.56,27.9,29547,2018-08-13 05:00:00
36,27.92,28.48,26.01,27.67,38123,2018-08-14 05:00:00
37,27.61,28.75,26.73,28.5,99494,2018-08-15 05:00:00
38,28.5,31.849,27.4346,30.4,21710,2018-08-16 05:00:00
39,30.2,32.0,29.5632,30.63,45088,2018-08-17 05:00:00
40,30.43,31.4747,29.43,29.75,43444,2018-08-20 05:00:00
41,30.59,31.9691,29.15,29.15,12208,2018-08-21 05:00:00
42,29.46,30.14,28.145,29.6,7910,2018-08-22 05:00:00
43,30.745,30.99,28.47,28.9,22434,2018-08-23 05:00:00
44,29.96,30.93,28.2101,29.04,11069,2018-08-24 05:00:00
45,28.85,29.5,27.8055,29.5,14204,2018-08-27 05:00:00
46,28.51,30.14,28.51,29.23,9815,2018-08-28 05:00:00
47,29.27,30.025,28.1348,29.75,8732,2018-08-29 05:00:00
48,30.3207,30.442,28.01,29.92,8953,2018-08-30 05:00:00
49,30.922,30.98,27.8395,29.7,9029,2018-08-31 05:00:00
50,29.7,30.94,28.5,29.26,29835,2018-09-04 05:00:00
51,29.3,30.442,28.0,29.94,26623,2018-09-05 05:00:00
52,30.145,31.73,28.55,29.64,102719,2018-09-06 05:00:00
53,29.2,33.5,29.2,31.0,31275,2018-09-07 05:00:00
54,32.15,33.5,31.17,33.33,15398,2018-09-10 05:00:00
55,33.1,33.2,29.895,31.25,37449,2018-09-11 05:00:00
56,30.65,30.65,29.67,29.73,22814,2018-09-12 05:00:00
57,29.82,30.0,28.32,28.7,25943,2018-09-13 05:00:00
58,29.03,31.48,26.8,30.0,129374,2018-09-14 05:00:00
59,30.0,30.0,28.5356,29.84,2538,2018-09-17 05:00:00
60,30.0,30.4917,28.8412,29.05,8275,2018-09-18 05:00:00
61,28.26,30.5,27.8543,29.44,20671,2018-09-19 05:00:00
62,28.7,29.39,26.63,28.5,140414,2018-09-20 05:00:00
63,27.92,29.8,27.3415,29.64,68293,2018-09-21 05:00:00
64,29.42,29.42,26.13,27.2,85316,2018-09-24 05:00:00
65,27.2,27.7,26.22,27.25,151191,2018-09-25 05:00:00
66,27.47,27.47,26.5572,27.1,8327,2018-09-26 05:00:00
67,28.9499,29.375,27.5,29.03,30879,2018-09-27 05:00:00
68,29.35,31.88,28.67,30.67,32713,2018-09-28 05:00:00
69,30.64,32.0,29.42,30.64,54293,2018-10-01 05:00:00
70,30.85,30.85,29.5,29.81,49364,2018-10-02 05:00:00
71,29.85,30.84,28.5,28.66,7661,2018-10-03 05:00:00
72,28.63,29.722,23.87,24.71,58104,2018-10-04 05:00:00
73,26.295,28.2,25.29,27.5,104521,2018-10-05 05:00:00
74,27.76,30.95,27.76,28.64,22463,2018-10-08 05:00:00
75,28.42,28.825,27.0,27.12,27983,2018-10-09 05:00:00
76,27.14,28.0,24.6,24.65,33680,2018-10-10 05:00:00
77,25.06,25.5,23.305,24.21,8178,2018-10-11 05:00:00
78,25.01,26.47,24.21,25.5,45331,2018-10-12 05:00:00
79,25.35,26.0,24.25,24.89,39251,2018-10-15 05:00:00
80,24.93,28.51,23.67,28.3,164226,2018-10-16 05:00:00
81,28.09,29.49,27.1551,28.1,28941,2018-10-17 05:00:00
82,27.81,31.0,25.84,31.0,70454,2018-10-18 05:00:00
83,31.39,31.52,28.9038,31.25,44026,2018-10-19 05:00:00
84,31.6,33.9347,29.1651,32.8,38775,2018-10-22 05:00:00
85,31.84,34.22,29.22,30.64,39498,2018-10-23 05:00:00
86,31.25,32.43,29.21,29.96,29624,2018-10-24 05:00:00
87,30.89,32.5,29.52,31.1,11332,2018-10-25 05:00:00
88,31.0,31.0,28.32,29.0,85625,2018-10-26 05:00:00
89,28.1601,32.49,27.6,27.65,30205,2018-10-29 05:00:00
90,28.31,29.0,27.3,27.6,41864,2018-10-30 05:00:00
91,28.1,29.0,25.1,28.5,117022,2018-10-31 05:00:00
92,29.0,32.5,28.03,31.5,51489,2018-11-01 05:00:00
93,32.0,34.22,30.63,31.75,44152,2018-11-02 05:00:00
94,32.13,33.04,31.14,31.84,21143,2018-11-05 06:00:00
95,31.15,31.15,28.31,28.54,14837,2018-11-06 06:00:00
96,28.85,32.9,28.85,31.2,33950,2018-11-07 06:00:00
97,31.25,40.98,29.33,38.89,50475,2018-11-08 06:00:00
98,39.49,53.24,33.8339,48.01,97011,2018-11-09 06:00:00
99,46.71,47.17,33.8,35.5,112301,2018-11-12 06:00:00
100,35.3,41.98,35.3,39.49,145278,2018-11-13 06:00:00
101,39.0,39.78,35.34,37.0,75480,2018-11-14 06:00:00
102,36.57,37.0,35.08,35.71,7456,2018-11-15 06:00:00
103,35.03,36.8135,32.635,34.99,73072,2018-11-16 06:00:00
104,35.36,38.87,33.3584,36.8,52999,2018-11-19 06:00:00
105,36.51,41.2,33.0,41.2,94047,2018-11-20 06:00:00
106,41.2,49.5,38.4491,45.71,136433,2018-11-21 06:00:00
107,44.75,48.005,44.06,45.0,64766,2018-11-23 06:00:00
108,45.66,45.66,39.45,40.88,70995,2018-11-26 06:00:00
109,40.17,41.15,36.22,37.0,90008,2018-11-27 06:00:00
110,37.02,42.505,35.57,39.93,84415,2018-11-28 06:00:00
111,39.69,41.39,35.31,38.78,50646,2018-11-29 06:00:00
112,38.71,40.69,38.22,39.02,56218,2018-11-30 06:00:00
113,37.0,44.95,31.5,41.18,385191,2018-12-03 06:00:00
114,40.28,43.88,38.81,42.69,88463,2018-12-04 06:00:00
115,39.32,43.85,38.35,41.0,111490,2018-12-06 06:00:00
116,40.13,41.025,35.81,37.0,26926,2018-12-07 06:00:00
117,37.0,37.0,35.01,36.01,35408,2018-12-10 06:00:00
118,36.23,36.77,33.65,34.33,33469,2018-12-11 06:00:00
119,35.43,37.73,32.72,32.72,328759,2018-12-12 06:00:00
120,32.99,34.64,30.6138,31.99,71216,2018-12-13 06:00:00
121,31.54,37.24,30.3,32.83,123795,2018-12-14 06:00:00
122,32.48,35.44,30.03,31.34,145556,2018-12-17 06:00:00
123,31.86,33.6,28.26,30.29,185201,2018-12-18 06:00:00
124,30.25,33.38,28.5,29.9,92184,2018-12-19 06:00:00
125,30.41,31.085,27.46,29.86,102998,2018-12-20 06:00:00
126,30.05,31.99,27.7,29.13,360056,2018-12-21 06:00:00
127,28.73,29.7625,27.7001,28.8,14572,2018-12-24 06:00:00
128,29.44,31.9,29.0,31.25,94581,2018-12-26 06:00:00
129,30.51,30.51,26.505,27.76,41608,2018-12-27 06:00:00
130,28.26,31.175,27.245,30.75,95527,2018-12-28 06:00:00
131,31.03,32.91,29.8897,32.84,76513,2018-12-31 06:00:00
132,32.36,33.7,30.1,33.36,108366,2019-01-02 06:00:00
133,33.35,34.9,33.35,34.34,47688,2019-01-03 06:00:00
134,35.0,35.84,33.17,34.71,63697,2019-01-04 06:00:00
135,34.56,35.64,33.07,34.37,65794,2019-01-07 06:00:00
136,34.99,36.0,33.01,34.68,150148,2019-01-08 06:00:00
137,35.0,35.32,33.89,34.19,81056,2019-01-09 06:00:00
138,33.43,35.0,33.43,34.03,33999,2019-01-10 06:00:00
139,33.56,34.93,32.56,33.92,27768,2019-01-11 06:00:00
140,32.95,34.5676,31.78,32.05,33776,2019-01-14 06:00:00
141,32.1,33.24,31.75,32.0,12509,2019-01-15 06:00:00
142,32.0,32.0,30.6,30.87,55575,2019-01-16 06:00:00
143,30.63,32.62,30.06,31.4,57610,2019-01-17 06:00:00
144,31.71,32.47,30.87,31.03,158661,2019-01-18 06:00:00
145,30.57,32.49,28.25,28.65,62911,2019-01-22 06:00:00
146,28.69,29.47,25.55,26.37,35314,2019-01-23 06:00:00
147,26.57,27.3,25.08,25.45,50040,2019-01-24 06:00:00
148,25.51,26.39,25.0,26.0,39014,2019-01-25 06:00:00
149,25.48,28.5,25.48,27.35,100619,2019-01-28 06:00:00
150,29.22,29.5,27.16,27.5,56143,2019-01-29 06:00:00
151,28.01,28.04,25.52,26.46,34997,2019-01-30 06:00:00
152,27.18,27.9431,25.5,26.41,27559,2019-01-31 06:00:00
153,26.42,27.775,25.5,25.51,34005,2019-02-01 06:00:00
154,25.52,27.49,25.52,27.0,11716,2019-02-04 06:00:00
155,26.52,27.37,25.4,26.15,27455,2019-02-05 06:00:00
156,26.16,28.47,26.15,28.0,22038,2019-02-06 06:00:00
157,27.92,28.45,26.96,27.875,26127,2019-02-07 06:00:00
158,27.87,29.19,27.75,28.77,22297,2019-02-08 06:00:00
159,29.0,30.98,28.86,30.94,29509,2019-02-11 06:00:00
160,30.93,32.294,28.3,28.9,76065,2019-02-12 06:00:00
161,29.8182,29.8182,27.41,29.26,7792,2019-02-13 06:00:00
162,28.88,30.0,28.65,29.45,7553,2019-02-14 06:00:00
163,29.7,30.4,28.52,29.2,30355,2019-02-15 06:00:00
164,28.8,29.28,27.81,27.98,12998,2019-02-19 06:00:00
165,30.44,30.44,26.125,27.78,48440,2019-02-20 06:00:00
166,27.48,28.97,26.85,27.13,24050,2019-02-21 06:00:00
167,27.12,28.89,27.0,28.89,19318,2019-02-22 06:00:00
168,29.45,29.555,27.45,27.97,35548,2019-02-25 06:00:00
169,28.3,28.47,26.5,27.01,20549,2019-02-26 06:00:00
170,27.69,28.49,27.09,28.49,14868,2019-02-27 06:00:00
171,28.5,28.5,26.45,27.35,16564,2019-02-28 06:00:00
172,27.94,28.17,26.9,27.65,12337,2019-03-01 06:00:00
173,28.105,28.47,26.75,27.33,19252,2019-03-04 06:00:00
174,27.2,28.53,27.0,28.01,16462,2019-03-05 06:00:00
175,27.685,28.795,27.36,27.55,59023,2019-03-06 06:00:00
176,27.56,29.47,27.56,28.58,24451,2019-03-07 06:00:00
177,28.9,29.04,26.99,27.06,26962,2019-03-08 06:00:00
178,27.46,28.487,24.74,25.91,120168,2019-03-11 05:00:00
179,25.9,26.48,23.62,24.77,122491,2019-03-12 05:00:00
180,25.29,25.89,24.8,25.53,177616,2019-03-13 05:00:00
181,25.25,25.31,23.755,24.91,14383,2019-03-14 05:00:00
182,24.91,26.75,24.7,24.7,73589,2019-03-15 05:00:00
183,25.0878,25.98,24.5,24.75,13647,2019-03-18 05:00:00
184,24.75,25.8439,24.75,24.95,29539,2019-03-19 05:00:00
185,25.15,25.3086,24.24,24.4,9595,2019-03-20 05:00:00
186,24.637,26.0,24.4,25.19,135927,2019-03-21 05:00:00
187,25.2,25.47,24.2,24.38,27272,2019-03-22 05:00:00
188,24.69,24.89,24.055,24.46,18219,2019-03-25 05:00:00
189,24.75,26.87,24.56,26.39,222201,2019-03-26 05:00:00
190,26.84,28.57,25.885,27.74,238742,2019-03-27 05:00:00
191,28.19,31.02,27.555,30.24,292037,2019-03-28 05:00:00
192,30.68,32.8,29.76,31.47,225685,2019-03-29 05:00:00
193,31.01,32.8438,30.17,30.3,36190,2019-04-01 05:00:00
194,30.83,31.31,29.8,29.82,23070,2019-04-02 05:00:00
195,30.56,31.165,30.45,30.8,19396,2019-04-03 05:00:00
196,30.48,31.18,30.005,30.96,18849,2019-04-04 05:00:00
197,31.36,32.52,29.785,31.02,59575,2019-04-05 05:00:00
198,31.4,31.59,29.68,31.25,27445,2019-04-08 05:00:00
199,28.71,29.5,26.5,26.75,83652,2019-04-09 05:00:00
200,27.22,27.22,23.81,24.3,224150,2019-04-10 05:00:00
201,26.66,26.71,25.15,25.65,810045,2019-04-11 05:00:00
202,25.35,26.4172,25.35,26.12,138553,2019-04-12 05:00:00
203,26.02,28.5,25.2001,28.0,154409,2019-04-15 05:00:00
204,28.2,29.23,26.77,26.9,182082,2019-04-16 05:00:00
205,26.32,26.95,25.59,25.73,171260,2019-04-17 05:00:00
206,25.76,28.0,24.67,26.37,323051,2019-04-18 05:00:00
207,26.38,27.25,25.72,26.34,23252,2019-04-22 05:00:00
208,26.53,27.8655,25.82,25.97,37711,2019-04-23 05:00:00
209,27.0,27.52,25.83,26.68,32039,2019-04-24 05:00:00
210,27.01,27.3113,25.925,26.28,78006,2019-04-25 05:00:00
211,26.39,26.92,26.335,26.89,15559,2019-04-26 05:00:00
212,26.85,27.2986,26.4,26.58,10744,2019-04-29 05:00:00
213,26.43,26.51,25.594,26.18,286545,2019-04-30 05:00:00
214,26.37,27.97,26.36,27.56,27451,2019-05-01 05:00:00
215,27.23,27.82,25.56,26.09,175541,2019-05-02 05:00:00
216,26.11,26.83,24.6,24.7,77510,2019-05-03 05:00:00
217,24.59,25.07,24.4,24.87,29492,2019-05-06 05:00:00
218,24.56,25.9,24.56,25.29,50015,2019-05-07 05:00:00
219,25.0,25.0,22.51,23.25,46963,2019-05-08 05:00:00
220,23.0,23.33,20.6,22.03,69418,2019-05-09 05:00:00
221,21.77,23.8675,21.16,23.19,266132,2019-05-10 05:00:00
222,22.89,24.2775,22.0,22.39,38200,2019-05-13 05:00:00
223,22.0,24.29,22.0,23.84,73524,2019-05-14 05:00:00
224,23.58,25.0,22.501,23.9,95946,2019-05-15 05:00:00
225,23.94,24.24,22.93,23.04,46757,2019-05-16 05:00:00
226,23.0,23.8,22.15,22.59,30965,2019-05-17 05:00:00
227,22.65,23.515,21.53,22.01,55710,2019-05-20 05:00:00
228,22.45,22.625,20.82,21.98,79336,2019-05-21 05:00:00
229,21.92,23.27,20.303,21.76,412459,2019-05-22 05:00:00
230,21.68,22.77,20.71,20.76,46820,2019-05-23 05:00:00
231,20.82,21.9,20.635,21.08,57350,2019-05-24 05:00:00
232,20.89,21.995,20.59,21.86,60025,2019-05-28 05:00:00
233,21.84,22.325,20.285,20.55,54604,2019-05-29 05:00:00
234,20.6,21.62,20.48,21.15,71735,2019-05-30 05:00:00
235,20.8,21.37,20.12,20.63,66880,2019-05-31 05:00:00
236,20.85,20.85,18.68,19.19,63195,2019-06-03 05:00:00
237,19.14,19.14,15.1,16.8,260716,2019-06-04 05:00:00
238,16.85,17.0,16.18,16.69,192645,2019-06-05 05:00:00
239,17.2,18.09,15.97,16.56,98609,2019-06-06 05:00:00
240,16.84,17.25,15.47,15.93,178209,2019-06-07 05:00:00
241,16.56,17.645,15.1,15.53,298889,2019-06-10 05:00:00
242,15.48,16.18,15.07,15.9,122704,2019-06-11 05:00:00
243,16.25,18.39,15.54,16.0,85195,2019-06-12 05:00:00
244,16.05,16.56,15.7,16.06,87091,2019-06-13 05:00:00
245,16.0,16.21,15.41,15.41,80915,2019-06-14 05:00:00
246,15.65,16.02,15.09,15.86,317428,2019-06-17 05:00:00
247,16.18,17.34,15.91,17.2,245217,2019-06-18 05:00:00
248,17.28,17.28,15.92,16.64,104627,2019-06-19 05:00:00
249,16.64,17.1351,16.4,16.7,164948,2019-06-20 05:00:00
250,16.47,17.08,15.96,16.32,191308,2019-06-21 05:00:00
251,16.25,16.29,15.325,15.93,100477,2019-06-24 05:00:00
252,15.97,16.545,15.73,15.9,57952,2019-06-25 05:00:00
253,15.96,16.2,14.8109,15.1,75313,2019-06-26 05:00:00
254,15.4,15.84,14.8,15.53,89018,2019-06-27 05:00:00
255,15.64,16.71,15.2861,16.1,78092,2019-06-28 05:00:00
256,16.46,17.3,16.0,16.52,192830,2019-07-01 05:00:00
257,16.45,16.9,15.55,16.07,116663,2019-07-02 05:00:00
258,16.06,16.57,15.36,16.33,53234,2019-07-03 05:00:00
259,16.49,17.08,16.09,16.54,71370,2019-07-05 05:00:00
260,16.69,16.69,15.21,16.08,112801,2019-07-08 05:00:00
261,15.85,19.34,15.52,16.72,428555,2019-07-09 05:00:00
262,16.88,16.88,15.6,16.09,309079,2019-07-10 05:00:00
263,16.46,16.46,15.61,15.98,69661,2019-07-11 05:00:00
264,15.82,16.24,15.35,16.01,66212,2019-07-12 05:00:00
265,16.18,16.28,15.34,16.1,51929,2019-07-15 05:00:00
266,16.03,16.965,15.72,15.95,228447,2019-07-16 05:00:00
267,15.82,16.1956,15.64,15.91,118152,2019-07-17 05:00:00
268,15.81,16.141,15.38,15.71,72971,2019-07-18 05:00:00
269,15.77,15.9097,14.5705,15.24,59827,2019-07-19 05:00:00
270,15.41,15.4125,14.23,14.48,59103,2019-07-22 05:00:00
271,14.47,14.47,13.25,13.55,148263,2019-07-23 05:00:00
272,13.68,13.8,12.7,13.13,260667,2019-07-24 05:00:00
273,13.19,14.17,12.91,13.5,80531,2019-07-25 05:00:00
274,13.42,13.92,13.42,13.75,22743,2019-07-26 05:00:00
275,13.69,15.82,13.69,15.38,128906,2019-07-29 05:00:00
276,15.64,15.98,15.11,15.79,144585,2019-07-30 05:00:00
277,15.93,16.01,14.79,15.42,85343,2019-07-31 05:00:00
278,15.66,15.8,14.28,14.98,82522,2019-08-01 05:00:00
279,15.15,16.0,14.05,14.95,81927,2019-08-02 05:00:00
280,14.56,14.56,13.39,14.12,67740,2019-08-05 05:00:00
281,14.01,15.12,13.89,14.7,45439,2019-08-06 05:00:00
282,14.71,15.13,14.4,14.83,71438,2019-08-07 05:00:00
283,15.36,15.36,12.505,13.03,122733,2019-08-08 05:00:00
284,12.73,13.2,10.755,11.33,281276,2019-08-09 05:00:00
285,11.05,11.119,9.705,9.79,181927,2019-08-12 05:00:00
286,9.53,10.38,9.53,10.03,146345,2019-08-13 05:00:00
287,10.03,10.76,9.91,10.54,212747,2019-08-14 05:00:00
288,10.42,10.8591,10.02,10.02,100273,2019-08-15 05:00:00
289,9.97,10.2,9.605,9.91,144025,2019-08-16 05:00:00
290,10.05,11.055,9.63,10.85,554853,2019-08-19 05:00:00
291,10.69,11.23,10.62,10.77,163321,2019-08-20 05:00:00
292,10.73,11.12,10.63,10.94,48801,2019-08-21 05:00:00
293,10.96,11.38,10.46,10.61,254058,2019-08-22 05:00:00
294,10.57,11.05,10.31,10.5,770499,2019-08-23 05:00:00
295,10.67,10.89,10.345,10.52,841376,2019-08-26 05:00:00
296,10.61,11.75,9.88,10.99,683703,2019-08-27 05:00:00
297,10.65,11.26,10.3,10.41,462669,2019-08-28 05:00:00
298,10.5,10.75,9.9,10.25,69265,2019-08-29 05:00:00
299,10.25,10.5075,9.9,10.35,62843,2019-08-30 05:00:00
300,10.35,12.19,9.8,9.96,191826,2019-09-03 05:00:00
301,9.92,10.12,9.5,9.8,216281,2019-09-04 05:00:00
302,9.92,12.09,9.8,11.93,7777115,2019-09-05 05:00:00
303,12.09,16.93,12.0,14.09,1493306,2019-09-06 05:00:00
304,13.83,14.45,12.64,14.32,207514,2019-09-09 05:00:00
305,13.99,14.1,13.17,13.2,201048,2019-09-10 05:00:00
306,13.3,13.5,11.87,12.29,178675,2019-09-11 05:00:00
307,12.4,12.5,11.98,12.4,108598,2019-09-12 05:00:00
308,12.85,15.3,12.85,13.5,292836,2019-09-13 05:00:00
309,12.95,13.76,12.75,13.61,101090,2019-09-16 05:00:00
310,13.59,13.9797,12.41,12.6,106313,2019-09-17 05:00:00
311,12.61,13.84,12.02,12.5,101206,2019-09-18 05:00:00
312,12.67,12.87,12.31,12.58,63699,2019-09-19 05:00:00
313,12.71,13.3463,12.5006,13.09,137136,2019-09-20 05:00:00
314,13.64,13.72,12.78,13.07,92632,2019-09-23 05:00:00
315,13.01,13.408,12.575,13.15,112064,2019-09-24 05:00:00
316,13.14,13.34,12.61,12.75,203594,2019-09-25 05:00:00
317,12.83,12.91,11.63,11.94,116652,2019-09-26 05:00:00
318,12.01,12.595,11.65,12.0,100079,2019-09-27 05:00:00
319,12.1,12.8,11.721,12.42,68375,2019-09-30 05:00:00
320,12.54,12.54,11.65,11.78,76416,2019-10-01 05:00:00
321,11.67,12.02,11.11,11.89,99510,2019-10-02 05:00:00
322,11.84,12.85,11.6,12.25,74318,2019-10-03 05:00:00
323,12.31,12.31,11.68,12.06,38160,2019-10-04 05:00:00
324,12.14,12.49,11.86,12.35,77871,2019-10-07 05:00:00
325,12.3,12.37,11.79,11.85,61401,2019-10-08 05:00:00
326,11.85,12.7711,11.5,12.38,157186,2019-10-09 05:00:00
327,12.23,12.7239,11.915,12.68,88812,2019-10-10 05:00:00
328,12.82,12.92,11.93,12.44,45317,2019-10-11 05:00:00
329,12.34,12.72,11.9506,12.16,132372,2019-10-14 05:00:00
330,12.26,12.415,11.965,12.13,47685,2019-10-15 05:00:00
331,12.14,12.39,11.59,11.77,59104,2019-10-16 05:00:00
332,11.98,13.2895,11.98,12.92,94382,2019-10-17 05:00:00
333,12.95,13.1,12.15,12.31,32030,2019-10-18 05:00:00
334,12.32,12.92,12.1,12.74,54127,2019-10-21 05:00:00
335,12.76,13.83,12.6,12.88,101417,2019-10-22 05:00:00
336,13.02,13.2399,12.42,12.5,51383,2019-10-23 05:00:00
337,12.38,13.8,12.38,13.52,124153,2019-10-24 05:00:00
338,13.63,14.25,13.15,13.41,64065,2019-10-25 05:00:00
339,13.35,13.61,12.6,12.64,43473,2019-10-28 05:00:00
340,12.53,12.79,12.31,12.46,77947,2019-10-29 05:00:00
341,12.32,12.6,11.83,12.01,86043,2019-10-30 05:00:00
342,12.13,12.25,11.83,11.97,218619,2019-10-31 05:00:00
343,12.1,12.72,11.98,12.66,139849,2019-11-01 05:00:00
344,12.79,13.14,12.53,12.91,44234,2019-11-04 06:00:00
345,13.2,14.816,13.2,14.29,78974,2019-11-05 06:00:00
346,14.29,14.29,12.96,13.04,70224,2019-11-06 06:00:00
347,13.09,13.48,12.04,12.39,76886,2019-11-07 06:00:00
348,12.36,12.63,11.85,12.05,35731,2019-11-08 06:00:00
349,12.43,12.43,11.9,12.24,183665,2019-11-11 06:00:00
350,12.24,12.8,11.36,11.5,100268,2019-11-12 06:00:00
351,11.4,11.85,10.83,11.13,94922,2019-11-13 06:00:00
352,11.13,11.47,10.85,11.17,48566,2019-11-14 06:00:00
353,11.31,12.09,11.28,11.79,84237,2019-11-15 06:00:00
354,11.79,12.542,11.627,11.92,167656,2019-11-18 06:00:00
355,12.2,12.92,12.2,12.69,79952,2019-11-19 06:00:00
356,12.86,14.79,12.86,13.8,147832,2019-11-20 06:00:00
357,13.8,14.19,13.27,13.43,88209,2019-11-21 06:00:00
358,13.35,14.06,12.6,12.91,41884,2019-11-22 06:00:00
359,12.85,13.8334,12.85,13.54,68519,2019-11-25 06:00:00
360,13.88,14.21,13.5,13.91,56759,2019-11-26 06:00:00
361,13.92,14.519,13.63,14.29,47407,2019-11-27 06:00:00
362,14.3,15.27,14.3,15.0,43271,2019-11-29 06:00:00
363,15.85,16.38,14.67,16.28,190113,2019-12-02 06:00:00
364,16.07,16.75,15.78,16.19,123352,2019-12-03 06:00:00
365,16.6,16.87,15.01,15.92,136623,2019-12-04 06:00:00
366,15.83,16.2,14.52,14.78,128444,2019-12-05 06:00:00
367,14.63,15.59,14.56,14.74,331172,2019-12-06 06:00:00
368,16.88,16.89,15.0,15.69,158657,2019-12-09 06:00:00
369,15.35,15.96,14.78,15.0,151111,2019-12-10 06:00:00
370,14.84,15.08,13.69,13.71,288920,2019-12-11 06:00:00
371,13.83,13.86,12.71,13.0,221476,2019-12-12 06:00:00
372,12.89,13.27,12.28,12.65,172189,2019-12-13 06:00:00
373,12.8,13.0053,11.79,12.09,493860,2019-12-16 06:00:00
374,12.15,13.5,11.95,13.5,233792,2019-12-17 06:00:00
375,13.52,13.9942,13.1,13.6,155091,2019-12-18 06:00:00
376,13.52,13.89,13.06,13.12,100527,2019-12-19 06:00:00
377,13.19,13.2378,12.53,12.79,167914,2019-12-20 06:00:00
378,12.79,13.79,12.32,13.56,94047,2019-12-23 06:00:00
379,13.6,14.32,13.12,14.27,42624,2019-12-24 06:00:00
380,14.31,14.67,13.85,14.19,66560,2019-12-26 06:00:00
381,14.16,14.26,13.52,13.61,112524,2019-12-27 06:00:00
382,13.61,14.19,13.54,14.09,134246,2019-12-30 06:00:00
383,14.01,14.29,13.06,13.2,117399,2019-12-31 06:00:00
384,13.1,13.77,12.5,12.96,55417,2020-01-02 06:00:00
385,12.86,13.115,12.57,12.91,110841,2020-01-03 06:00:00
386,12.75,13.0999,12.6282,12.94,82226,2020-01-06 06:00:00
387,12.93,13.2,12.81,12.99,71515,2020-01-07 06:00:00
388,12.84,13.1941,12.73,13.0,111680,2020-01-08 06:00:00
389,12.94,13.2,12.85,12.85,64676,2020-01-09 06:00:00
390,12.78,13.24,12.5,12.56,109308,2020-01-10 06:00:00
391,12.56,12.95,12.2,12.59,70834,2020-01-13 06:00:00
392,12.51,13.1,12.47,12.7,108939,2020-01-14 06:00:00
393,12.61,13.0,12.6,12.72,83132,2020-01-15 06:00:00
394,12.69,13.12,12.67,12.85,112133,2020-01-16 06:00:00
395,12.86,13.08,12.41,12.55,113607,2020-01-17 06:00:00
396,12.56,12.91,12.27,12.84,73782,2020-01-21 06:00:00
397,12.91,12.97,12.37,12.47,61480,2020-01-22 06:00:00
398,10.0,10.46,9.7,9.99,1870819,2020-01-23 06:00:00
399,10.0,10.14,9.45,9.76,578039,2020-01-24 06:00:00
400,9.6,10.37,9.4,10.18,398772,2020-01-27 06:00:00
401,10.15,10.44,10.0,10.07,193585,2020-01-28 06:00:00
402,10.01,10.395,9.76,10.25,211480,2020-01-29 06:00:00
403,10.5,10.57,9.75,9.95,337844,2020-01-30 06:00:00
404,10.0,10.095,9.6,9.82,199557,2020-01-31 06:00:00
405,9.88,10.23,9.64,9.72,176693,2020-02-03 06:00:00
406,9.84,9.94,9.65,9.66,165971,2020-02-04 06:00:00
407,9.74,9.93,9.66,9.8,195481,2020-02-05 06:00:00
408,9.75,10.14,9.69,9.85,162782,2020-02-06 06:00:00
409,9.8,9.99,9.4999,9.8,139870,2020-02-07 06:00:00
410,9.73,10.02,9.71,9.96,110748,2020-02-10 06:00:00
411,9.99,10.6,9.8,10.2,167596,2020-02-11 06:00:00
412,10.33,10.36,9.94,10.0,160939,2020-02-12 06:00:00
413,10.02,10.59,9.93,10.49,242409,2020-02-13 06:00:00
414,10.61,11.19,10.51,11.18,191041,2020-02-14 06:00:00
415,11.15,11.2309,10.11,10.21,138273,2020-02-18 06:00:00
416,10.26,10.556,9.8,10.33,140652,2020-02-19 06:00:00
417,10.44,10.8,10.28,10.54,106706,2020-02-20 06:00:00
418,10.54,10.66,10.23,10.47,105373,2020-02-21 06:00:00
419,10.2,10.35,9.8,9.92,185485,2020-02-24 06:00:00
420,9.92,10.0,9.08,9.12,222384,2020-02-25 06:00:00
421,9.22,9.6,9.12,9.29,69730,2020-02-26 06:00:00
422,9.29,9.29,8.55,8.6,175762,2020-02-27 06:00:00
423,8.44,8.64,8.12,8.18,134040,2020-02-28 06:00:00
424,8.3,8.52,7.82,8.4,195752,2020-03-02 06:00:00
425,8.65,9.62,8.4,8.91,330744,2020-03-03 06:00:00
426,9.07,9.38,8.9,9.29,98851,2020-03-04 06:00:00
427,9.07,9.21,8.8,8.81,99122,2020-03-05 06:00:00
428,8.71,8.81,8.22,8.25,122896,2020-03-06 06:00:00
429,7.73,7.81,7.24,7.34,214906,2020-03-09 05:00:00
430,7.46,7.765,7.18,7.24,224787,2020-03-10 05:00:00
431,7.03,7.565,6.61,6.77,168906,2020-03-11 05:00:00
432,6.33,6.48,5.26,5.36,254303,2020-03-12 05:00:00
433,5.52,5.87,5.37,5.55,200850,2020-03-13 05:00:00
434,3.0,5.17,3.0,5.11,184628,2020-03-16 05:00:00
435,5.19,5.59,4.5086,5.26,168923,2020-03-17 05:00:00
436,4.96,5.14,3.8,4.2,190255,2020-03-18 05:00:00
437,4.25,4.93,4.25,4.91,161933,2020-03-19 05:00:00
438,4.99,5.49,4.41,4.49,171229,2020-03-20 05:00:00
439,4.59,4.815,4.0494,4.43,52348,2020-03-23 05:00:00
440,4.57,4.7,4.22,4.48,476479,2020-03-24 05:00:00
441,4.0,5.545,4.0,5.32,155100,2020-03-25 05:00:00
442,5.32,5.73,5.25,5.62,124718,2020-03-26 05:00:00
443,5.24,5.73,4.57,5.44,81634,2020-03-27 05:00:00
444,5.23,5.76,5.23,5.63,88256,2020-03-30 05:00:00
445,5.56,5.99,5.36,5.99,187877,2020-03-31 05:00:00
446,5.53,5.79,5.33,5.42,171223,2020-04-01 05:00:00
447,5.42,5.62,5.05,5.43,62736,2020-04-02 05:00:00
448,5.33,5.75,5.19,5.38,71509,2020-04-03 05:00:00
449,6.02,6.5,5.7,6.35,156229,2020-04-06 05:00:00
450,6.77,7.21,6.39,6.55,97418,2020-04-07 05:00:00
451,6.74,7.07,6.59,7.07,71592,2020-04-08 05:00:00
452,7.33,8.15,7.09,7.99,231803,2020-04-09 05:00:00
453,7.98,8.87,7.55,7.74,150350,2020-04-13 05:00:00
454,7.97,8.41,7.9046,8.18,109406,2020-04-14 05:00:00
455,8.05,8.48,7.83,8.32,81607,2020-04-15 05:00:00
456,8.48,8.7595,8.17,8.68,72931,2020-04-16 05:00:00
457,8.99,9.38,8.75,9.28,126611,2020-04-17 05:00:00
458,9.18,11.14,9.026,9.2,458878,2020-04-20 05:00:00
459,9.05,9.6101,8.79,9.46,116998,2020-04-21 05:00:00
460,10.77,10.77,9.6934,9.9,139101,2020-04-22 05:00:00
461,9.84,10.24,9.77,9.95,117314,2020-04-23 05:00:00
462,9.95,10.4,9.8701,10.24,60323,2020-04-24 05:00:00
463,10.4,10.62,9.74,9.99,134215,2020-04-27 05:00:00
464,10.19,10.71,9.9,10.14,62086,2020-04-28 05:00:00
465,10.3,10.32,9.75,9.9,66475,2020-04-29 05:00:00
466,9.79,9.87,9.2,9.42,70605,2020-04-30 05:00:00
467,9.12,9.32,8.61,9.0,146875,2020-05-01 05:00:00
468,8.98,9.92,8.785,9.85,95704,2020-05-04 05:00:00
469,9.95,10.02,9.75,9.87,66308,2020-05-05 05:00:00
470,9.79,10.42,9.0,10.28,148940,2020-05-06 05:00:00
471,10.59,10.99,10.345,10.72,169870,2020-05-07 05:00:00
472,10.93,10.95,9.84,10.09,120681,2020-05-08 05:00:00
473,9.99,10.94,9.8,10.52,90694,2020-05-11 05:00:00
474,10.63,11.07,10.31,10.44,195126,2020-05-12 05:00:00
475,10.4,10.5469,9.675,10.04,146870,2020-05-13 05:00:00
476,10.06,10.79,9.65,10.26,90899,2020-05-14 05:00:00
477,10.24,10.89,9.72,10.75,82698,2020-05-15 05:00:00
478,11.0,11.01,10.5,10.79,122141,2020-05-18 05:00:00
479,10.81,10.99,10.71,10.98,184879,2020-05-19 05:00:00
480,11.05,11.69,11.05,11.47,212594,2020-05-20 05:00:00
481,11.55,11.61,11.09,11.41,127024,2020-05-21 05:00:00
482,11.41,11.56,11.135,11.55,76791,2020-05-22 05:00:00
483,11.71,12.35,11.56,12.01,108021,2020-05-26 05:00:00
484,12.11,12.25,11.71,12.11,81864,2020-05-27 05:00:00
485,12.15,12.15,11.28,11.33,236527,2020-05-28 05:00:00
486,11.36,12.52,11.36,12.52,325302,2020-05-29 05:00:00
487,12.36,12.84,11.91,11.98,144643,2020-06-01 05:00:00
488,12.19,12.97,11.65,12.79,389791,2020-06-02 05:00:00
489,13.02,13.34,12.9,12.91,106085,2020-06-03 05:00:00
490,12.93,13.2,12.59,13.05,98265,2020-06-04 05:00:00
491,13.22,13.352,13.0,13.14,205935,2020-06-05 05:00:00
492,13.29,13.48,13.04,13.1,98834,2020-06-08 05:00:00
493,13.15,14.0,13.05,13.81,112914,2020-06-09 05:00:00
494,13.9,14.55,13.5601,14.14,165836,2020-06-10 05:00:00
495,13.82,13.89,12.82,12.99,207301,2020-06-11 05:00:00
496,13.48,13.8799,12.6267,12.92,480651,2020-06-12 05:00:00
497,12.67,13.19,12.42,13.0,611537,2020-06-15 05:00:00
498,13.35,13.45,12.49,13.04,636136,2020-06-16 05:00:00
499,13.16,13.714,12.86,13.17,547313,2020-06-17 05:00:00
500,13.14,13.46,12.9,13.25,190602,2020-06-18 05:00:00
501,13.7,14.8,13.18,13.56,330555,2020-06-19 05:00:00
502,13.33,15.48,13.1201,15.38,227566,2020-06-22 05:00:00
503,15.54,16.2099,15.43,15.79,170472,2020-06-23 05:00:00
504,15.64,16.15,15.1601,15.67,238600,2020-06-24 05:00:00
505,15.67,16.56,15.67,16.14,114027,2020-06-25 05:00:00
506,16.02,16.29,15.83,16.09,96767,2020-06-26 05:00:00
507,16.28,16.3,15.76,16.06,152281,2020-06-29 05:00:00
508,16.04,16.1453,15.72,16.03,146392,2020-06-30 05:00:00
509,16.14,16.25,15.88,16.0,223029,2020-07-01 05:00:00
510,15.49,15.99,14.57,14.9,192637,2020-07-02 05:00:00
511,15.21,15.21,14.2,14.34,79226,2020-07-06 05:00:00
512,14.3,15.17,13.9111,15.07,205228,2020-07-07 05:00:00
513,15.19,16.0,15.1,16.0,90662,2020-07-08 05:00:00
514,16.14,16.14,15.56,15.93,73575,2020-07-09 05:00:00
515,15.92,15.93,15.08,15.21,77398,2020-07-10 05:00:00
516,15.39,15.49,14.17,14.25,167619,2020-07-13 05:00:00
517,14.28,15.315,14.145,15.08,194631,2020-07-14 05:00:00
518,15.31,15.4899,14.75,15.1,574480,2020-07-15 05:00:00
519,15.09,15.4699,14.6,15.43,172589,2020-07-16 05:00:00
520,15.5,16.215,15.1129,16.11,274121,2020-07-17 05:00:00
521,16.0,16.3,15.78,16.3,306295,2020-07-20 05:00:00
522,16.3,16.49,14.86,14.95,194894,2020-07-21 05:00:00
523,16.99,17.19,15.41,16.04,384758,2020-07-22 05:00:00
524,16.18,16.24,14.1059,14.38,317005,2020-07-23 05:00:00
525,14.51,14.762,13.765,13.93,200120,2020-07-24 05:00:00
526,13.8,14.43,13.48,14.2,228790,2020-07-27 05:00:00
527,14.17,14.33,13.66,13.67,142697,2020-07-28 05:00:00
528,13.77,14.02,13.05,13.2,196277,2020-07-29 05:00:00
529,13.13,13.76,13.13,13.22,194128,2020-07-30 05:00:00
530,14.5,14.55,13.18,13.2,403945,2020-07-31 05:00:00
531,13.22,14.3,13.05,13.97,309736,2020-08-03 05:00:00
532,13.9,14.87,13.75,14.69,212411,2020-08-04 05:00:00
533,14.59,15.56,14.44,15.03,312386,2020-08-05 05:00:00
534,15.47,16.78,15.47,16.13,250196,2020-08-06 05:00:00
535,16.13,16.21,15.085,15.66,342589,2020-08-07 05:00:00
536,15.76,16.1601,15.23,15.81,196495,2020-08-10 05:00:00
537,15.69,16.0,15.18,15.37,240276,2020-08-11 05:00:00
538,15.51,15.7,15.02,15.44,149770,2020-08-12 05:00:00
539,15.5,16.14,15.3,16.01,152792,2020-08-13 05:00:00
540,16.06,16.21,15.63,16.0,78742,2020-08-14 05:00:00
541,16.07,16.362,15.94,16.02,75232,2020-08-17 05:00:00
542,16.12,16.2773,15.9,15.94,78036,2020-08-18 05:00:00
543,16.0,16.31,15.72,15.94,165541,2020-08-19 05:00:00
544,15.89,16.17,15.43,16.0,113770,2020-08-20 05:00:00
545,16.09,16.34,15.411,15.72,189745,2020-08-21 05:00:00
546,15.86,16.08,15.51,15.56,216111,2020-08-24 05:00:00
547,15.81,16.19,15.56,16.17,196370,2020-08-25 05:00:00
548,16.12,16.19,15.8,15.85,116250,2020-08-26 05:00:00
549,15.97,15.97,15.26,15.3,108658,2020-08-27 05:00:00
550,15.44,15.5499,15.02,15.34,83765,2020-08-28 05:00:00
551,15.44,15.44,14.56,14.67,80664,2020-08-31 05:00:00
552,14.64,14.66,13.931,14.05,76387,2020-09-01 05:00:00
553,14.21,14.21,13.65,13.76,77136,2020-09-02 05:00:00
554,13.66,13.95,12.85,12.85,106490,2020-09-03 05:00:00
555,12.92,13.11,11.5,12.36,114806,2020-09-04 05:00:00
556,12.13,13.02,11.81,12.5,63496,2020-09-08 05:00:00
557,12.68,13.24,12.68,12.92,80363,2020-09-09 05:00:00
558,12.96,13.36,12.744,12.77,63922,2020-09-10 05:00:00
559,12.98,13.1,12.57,12.65,42802,2020-09-11 05:00:00
560,13.23,14.09,13.05,13.81,74921,2020-09-14 05:00:00
561,13.87,14.11,13.63,13.81,74289,2020-09-15 05:00:00
562,13.82,14.4,13.51,13.94,55979,2020-09-16 05:00:00
563,13.71,14.27,13.52,14.0,80882,2020-09-17 05:00:00
564,14.0,14.33,13.63,14.28,110811,2020-09-18 05:00:00
565,14.22,14.22,13.17,13.44,119082,2020-09-21 05:00:00
566,13.44,13.55,13.12,13.3,44629,2020-09-22 05:00:00
567,13.29,13.29,12.6,12.69,69459,2020-09-23 05:00:00
568,12.6,12.79,12.13,12.44,50417,2020-09-24 05:00:00
569,12.32,12.88,12.15,12.77,54706,2020-09-25 05:00:00
570,13.02,13.02,12.57,12.89,49077,2020-09-28 05:00:00
571,12.46,12.55,12.0,12.0,74567,2020-09-29 05:00:00
572,12.25,12.38,11.5,11.64,64758,2020-09-30 05:00:00
573,11.6,11.83,11.31,11.63,61495,2020-10-01 05:00:00
574,11.45,11.59,10.65,11.09,26641,2020-10-02 05:00:00
575,11.21,12.02,11.21,12.0,54070,2020-10-05 05:00:00
576,12.13,12.28,11.84,12.09,123885,2020-10-06 05:00:00
577,12.2447,12.48,11.87,12.27,32240,2020-10-07 05:00:00
578,12.4,12.54,12.01,12.26,27084,2020-10-08 05:00:00
579,12.25,12.465,12.02,12.35,38810,2020-10-09 05:00:00
580,12.4,12.79,11.78,12.79,28718,2020-10-12 05:00:00
581,12.78,12.78,12.47,12.7,24750,2020-10-13 05:00:00
582,12.62,12.63,11.99,12.23,29889,2020-10-14 05:00:00
583,12.22,12.26,11.89,12.11,17528,2020-10-15 05:00:00
584,12.24,12.26,11.92,12.25,29809,2020-10-16 05:00:00
585,12.23,12.33,11.77,11.86,47544,2020-10-19 05:00:00
586,11.77,12.01,11.5,11.56,69325,2020-10-20 05:00:00
587,11.71,11.84,11.27,11.8,48259,2020-10-21 05:00:00
588,11.97,12.04,11.3,11.74,42028,2020-10-22 05:00:00
589,11.67,12.01,11.51,12.01,41246,2020-10-23 05:00:00
590,11.9752,11.98,11.02,11.19,54645,2020-10-26 05:00:00
591,11.36,11.52,11.14,11.18,216559,2020-10-27 05:00:00
592,11.11,11.46,10.8669,11.4,44036,2020-10-28 05:00:00
593,11.25,11.48,10.92,11.42,242795,2020-10-29 05:00:00
594,11.1719,11.3673,10.79,10.81,43099,2020-10-30 05:00:00
595,10.86,11.32,10.75,11.28,80056,2020-11-02 06:00:00
596,11.45,11.88,10.75,11.36,161199,2020-11-03 06:00:00
597,11.41,12.17,11.0835,11.94,54777,2020-11-04 06:00:00
598,11.78,12.15,11.4,12.01,57896,2020-11-05 06:00:00
599,12.17,12.17,10.58,10.95,74246,2020-11-06 06:00:00
600,11.0,11.88,11.0,11.43,61240,2020-11-09 06:00:00
601,11.53,12.285,10.82,11.0,60763,2020-11-10 06:00:00
602,11.07,11.07,10.22,10.56,62291,2020-11-11 06:00:00
603,10.53,10.77,10.07,10.77,97214,2020-11-12 06:00:00
604,10.86,11.17,10.52,10.97,37053,2020-11-13 06:00:00
605,10.97,11.1,10.47,10.76,47389,2020-11-16 06:00:00
606,11.07,11.19,10.78,11.17,49316,2020-11-17 06:00:00
607,11.17,11.17,10.62,10.81,97664,2020-11-18 06:00:00
608,10.99,11.57,10.85,11.22,91164,2020-11-19 06:00:00
609,11.19,11.25,10.84,10.89,78104,2020-11-20 06:00:00
610,10.93,11.2491,10.23,10.28,78251,2020-11-23 06:00:00
611,10.4,10.4597,10.0,10.13,64668,2020-11-24 06:00:00
612,10.36,10.6,9.92,10.58,107357,2020-11-25 06:00:00
613,10.59,10.6,9.13,9.61,154118,2020-11-27 06:00:00
614,10.12,10.5985,10.1,10.49,148382,2020-11-30 06:00:00
615,10.22,10.75,9.61,9.95,155132,2020-12-01 06:00:00
616,9.95,10.56,9.8,9.9,145301,2020-12-02 06:00:00
617,9.93,10.69,9.9,10.56,135172,2020-12-03 06:00:00
618,10.39,10.6584,10.18,10.5,73921,2020-12-04 06:00:00
619,10.75,11.96,10.6338,11.95,197548,2020-12-07 06:00:00
620,12.0,12.23,10.4001,10.52,156061,2020-12-08 06:00:00
621,10.51,10.61,9.14,9.27,346257,2020-12-09 06:00:00
622,9.25,9.57,8.5501,8.7,335253,2020-12-10 06:00:00
623,8.68,9.1,8.27,8.9,187794,2020-12-11 06:00:00
624,9.07,9.4988,8.27,8.5,252349,2020-12-14 06:00:00
625,8.5,8.5074,7.87,8.13,502101,2020-12-15 06:00:00
626,8.1,8.74,8.0,8.36,258197,2020-12-16 06:00:00
627,8.3,8.8,8.22,8.68,125964,2020-12-17 06:00:00
628,8.73,8.9786,8.4181,8.62,157501,2020-12-18 06:00:00
629,8.57,8.6,8.12,8.45,96454,2020-12-21 06:00:00
630,8.46,9.3,8.41,8.9,183070,2020-12-22 06:00:00
631,8.84,9.0388,8.535,8.7,108074,2020-12-23 06:00:00
632,8.73,9.09,8.6613,8.9,128710,2020-12-24 06:00:00
633,9.22,9.48,8.77,8.82,181075,2020-12-28 06:00:00
634,8.81,8.965,8.545,8.94,119830,2020-12-29 06:00:00
635,8.87,9.075,8.54,8.98,188207,2020-12-30 06:00:00
636,8.99,8.99,8.55,8.94,117552,2020-12-31 06:00:00
637,8.94,9.51,8.6739,9.36,105572,2021-01-04 06:00:00
638,9.46,9.66,9.1,9.27,150191,2021-01-05 06:00:00
639,9.26,9.26,8.65,8.97,203866,2021-01-06 06:00:00
640,9.0,9.98,8.86,8.97,2110534,2021-01-07 06:00:00
641,9.11,9.35,8.91,9.28,284815,2021-01-08 06:00:00
642,9.24,9.35,8.71,8.76,169956,2021-01-11 06:00:00
643,8.7,8.99,8.64,8.97,105686,2021-01-12 06:00:00
644,8.86,9.04,8.8,8.81,102691,2021-01-13 06:00:00
645,8.86,9.05,8.82,8.93,140616,2021-01-14 06:00:00
646,8.98,9.09,8.64,9.02,150464,2021-01-15 06:00:00
647,9.24,9.4,9.05,9.11,409826,2021-01-19 06:00:00
648,9.25,9.25,8.4693,8.86,218101,2021-01-20 06:00:00
649,8.87,8.9,8.21,8.4,220859,2021-01-21 06:00:00
650,8.38,8.77,8.35,8.77,127566,2021-01-22 06:00:00
651,8.77,8.9426,8.6,8.9,179026,2021-01-25 06:00:00
652,8.99,9.1155,8.7,8.8,153342,2021-01-26 06:00:00
653,8.76,8.76,8.08,8.1,237999,2021-01-27 06:00:00
654,8.21,8.92,7.63,7.64,292187,2021-01-28 06:00:00
655,7.41,7.68,7.09,7.35,273963,2021-01-29 06:00:00
656,7.39,7.57,7.19,7.41,369660,2021-02-01 06:00:00
657,7.44,7.9,7.44,7.62,301638,2021-02-02 06:00:00
658,7.58,7.9,7.45,7.56,244288,2021-02-03 06:00:00
659,7.65,8.37,7.62,8.35,219934,2021-02-04 06:00:00
660,8.35,8.4,7.995,8.07,151041,2021-02-05 06:00:00
661,8.12,8.77,8.05,8.63,149491,2021-02-08 06:00:00
662,8.5,8.59,7.5,7.5,647961,2021-02-09 06:00:00
663,6.9,7.0981,6.52,7.0,8470043,2021-02-10 06:00:00
664,6.98,7.4333,6.91,7.14,3226540,2021-02-11 06:00:00
665,7.3,7.7,7.04,7.29,2731026,2021-02-12 06:00:00
666,7.53,7.92,7.3,7.38,3037881,2021-02-16 06:00:00
667,7.31,7.53,6.91,7.23,1625312,2021-02-17 06:00:00
668,7.11,7.24,7.0185,7.12,1087027,2021-02-18 06:00:00
669,7.2,7.4,7.01,7.15,1463035,2021-02-19 06:00:00
670,7.11,7.275,6.94,6.95,1467160,2021-02-22 06:00:00
671,6.83,6.83,6.1,6.56,1075549,2021-02-23 06:00:00
672,6.58,6.96,6.51,6.88,845693,2021-02-24 06:00:00
673,6.83,6.93,6.35,6.54,1144250,2021-02-25 06:00:00
674,6.51,6.63,6.1015,6.44,996874,2021-02-26 06:00:00
675,6.65,6.94,6.55,6.86,692050,2021-03-01 06:00:00
676,6.98,7.0144,6.6,6.8,606236,2021-03-02 06:00:00
677,6.79,6.79,6.4,6.41,1124575,2021-03-03 06:00:00
678,6.4,6.67,5.83,6.2,1301689,2021-03-04 06:00:00
679,6.28,6.38,5.65,6.19,913417,2021-03-05 06:00:00
680,6.32,6.67,6.05,6.16,655208,2021-03-08 06:00:00
681,6.24,6.58,6.15,6.34,663991,2021-03-09 06:00:00
682,6.2,6.4699,6.04,6.17,572845,2021-03-10 06:00:00
683,6.25,6.56,5.9722,6.45,1496582,2021-03-11 06:00:00
684,6.46,6.84,6.2,6.7,861185,2021-03-12 06:00:00
685,6.65,6.77,6.45,6.63,587944,2021-03-15 05:00:00
686,6.64,7.0,6.52,6.96,807072,2021-03-16 05:00:00
687,6.75,7.02,6.5391,6.9,551176,2021-03-17 05:00:00
688,6.77,7.17,6.71,6.86,572778,2021-03-18 05:00:00
689,6.79,6.95,6.52,6.9,624923,2021-03-19 05:00:00
690,7.0,7.11,6.76,6.82,336500,2021-03-22 05:00:00
691,6.79,6.79,6.27,6.34,479275,2021-03-23 05:00:00
692,6.46,6.46,5.72,5.75,647348,2021-03-24 05:00:00
693,5.65,6.19,5.57,6.13,630822,2021-03-25 05:00:00
694,6.14,6.28,5.82,6.01,313108,2021-03-26 05:00:00
695,5.96,6.02,5.5801,5.65,374853,2021-03-29 05:00:00
696,5.55,5.7049,5.1,5.49,1404025,2021-03-30 05:00:00
697,5.48,5.87,5.38,5.73,328686,2021-03-31 05:00:00
698,5.93,6.23,5.7,5.91,670672,2021-04-01 05:00:00
699,6.04,6.06,5.72,5.97,196044,2021-04-05 05:00:00
700,5.92,5.99,5.6,5.63,291045,2021-04-06 05:00:00
701,5.64,5.93,5.55,5.77,405337,2021-04-07 05:00:00
702,5.8,5.91,5.62,5.79,221290,2021-04-08 05:00:00
703,5.75,5.83,5.54,5.6,282089,2021-04-09 05:00:00
704,5.58,5.6395,5.28,5.42,292859,2021-04-12 05:00:00
705,5.48,5.69,5.34,5.55,392500,2021-04-13 05:00:00
706,5.56,5.7599,5.55,5.6,252877,2021-04-14 05:00:00
707,5.62,5.79,5.4,5.54,344258,2021-04-15 05:00:00
708,5.52,5.69,5.26,5.29,420746,2021-04-16 05:00:00
709,5.26,5.38,5.15,5.28,541412,2021-04-19 05:00:00
710,5.32,5.42,5.11,5.2,265196,2021-04-20 05:00:00
711,5.26,5.53,5.13,5.53,581620,2021-04-21 05:00:00
712,5.54,5.78,5.435,5.59,206802,2021-04-22 05:00:00
713,5.62,5.7797,5.22,5.43,273544,2021-04-23 05:00:00
714,5.51,5.95,5.48,5.85,351774,2021-04-26 05:00:00
715,5.88,6.42,5.8,6.04,3128710,2021-04-27 05:00:00
716,5.99,6.06,5.75,5.81,330858,2021-04-28 05:00:00
717,5.87,5.93,5.65,5.7,246266,2021-04-29 05:00:00
718,5.7,5.98,5.7,5.82,524614,2021-04-30 05:00:00
719,5.85,6.03,5.61,5.69,694213,2021-05-03 05:00:00
720,5.69,5.7,5.34,5.36,577707,2021-05-04 05:00:00
721,5.37,5.55,5.07,5.2,667533,2021-05-05 05:00:00
722,5.31,5.34,4.94,5.1,831197,2021-05-06 05:00:00
723,5.1,5.45,5.09,5.37,391677,2021-05-07 05:00:00
724,5.225,5.3699,4.71,4.78,1031513,2021-05-10 05:00:00
725,4.66,5.12,4.6,4.99,922142,2021-05-11 05:00:00
726,4.89,6.98,4.78,6.76,14352690,2021-05-12 05:00:00
727,6.69,6.8,5.93,6.05,3310150,2021-05-13 05:00:00
728,6.04,6.3,6.01,6.17,1225045,2021-05-14 05:00:00
729,6.16,6.39,6.06,6.26,981480,2021-05-17 05:00:00
730,6.3,6.58,6.192,6.48,1481318,2021-05-18 05:00:00
731,6.24,6.46,5.99,6.13,1460650,2021-05-19 05:00:00
732,6.13,6.58,6.01,6.35,2056596,2021-05-20 05:00:00
733,6.49,6.93,6.38,6.73,1968181,2021-05-21 05:00:00
734,6.8,6.99,6.23,6.36,3311376,2021-05-24 05:00:00
735,6.41,6.62,6.06,6.19,1522126,2021-05-25 05:00:00
736,6.26,6.49,6.14,6.38,1397376,2021-05-26 05:00:00
737,6.39,6.5118,6.28,6.36,657020,2021-05-27 05:00:00
738,6.47,6.86,6.41,6.63,2014165,2021-05-28 05:00:00
739,6.66,6.7488,6.26,6.32,1157758,2021-06-01 05:00:00
740,6.35,6.42,6.1,6.32,984485,2021-06-02 05:00:00
741,6.32,6.4,6.18,6.26,672680,2021-06-03 05:00:00
742,6.27,6.54,6.18,6.35,1215930,2021-06-04 05:00:00
743,6.51,7.23,6.44,6.94,3643158,2021-06-07 05:00:00
744,7.0,7.18,6.64,6.86,1926463,2021-06-08 05:00:00
745,7.0,7.1,6.61,6.74,1618261,2021-06-09 05:00:00
746,6.82,6.93,6.678,6.85,1420495,2021-06-10 05:00:00
747,7.1,8.09,6.83,7.73,10534752,2021-06-11 05:00:00
748,8.0789,8.23,7.55,7.96,3505439,2021-06-14 05:00:00
749,7.89,8.0,7.31,7.63,2138151,2021-06-15 05:00:00
750,7.54,7.73,7.22,7.39,1124291,2021-06-16 05:00:00
751,7.28,7.69,7.25,7.62,3441265,2021-06-17 05:00:00
752,7.57,7.8099,7.32,7.57,2091737,2021-06-18 05:00:00
753,7.67,7.79,7.03,7.14,2145039,2021-06-21 05:00:00
754,7.14,7.27,6.72,6.98,2347794,2021-06-22 05:00:00
755,7.1,7.19,6.75,6.83,928906,2021-06-23 05:00:00
756,6.86,7.09,6.76,6.86,962101,2021-06-24 05:00:00
757,6.86,7.2,6.83,6.95,2452659,2021-06-25 05:00:00
758,6.99,7.03,6.8192,6.9,1115312,2021-06-28 05:00:00
759,6.9,6.9,6.46,6.54,1902048,2021-06-29 05:00:00
760,6.52,6.74,6.34,6.64,1540809,2021-06-30 05:00:00
761,6.75,6.98,6.6344,6.95,1491046,2021-07-01 05:00:00
762,7.02,7.07,6.65,6.73,758419,2021-07-02 05:00:00
763,6.71,6.93,6.45,6.72,938580,2021-07-06 05:00:00
764,6.79,6.79,6.21,6.46,2204368,2021-07-07 05:00:00
765,6.2,6.62,6.2,6.57,659509,2021-07-08 05:00:00
766,6.65,7.0799,6.5601,7.0,1846687,2021-07-09 05:00:00
767,7.03,7.0716,6.7,6.88,1088699,2021-07-12 05:00:00
768,6.81,6.85,6.24,6.33,2044935,2021-07-13 05:00:00
769,6.28,6.4,5.84,5.99,1805076,2021-07-14 05:00:00
770,6.08,6.1,5.71,5.88,1195015,2021-07-15 05:00:00
771,5.9,6.18,5.86,6.03,827326,2021-07-16 05:00:00
772,5.93,6.15,5.801,6.06,1071092,2021-07-19 05:00:00
773,6.09,6.18,5.97,6.16,1095373,2021-07-20 05:00:00
774,6.12,6.43,6.04,6.23,1198498,2021-07-21 05:00:00
775,6.23,6.23,5.92,5.93,539070,2021-07-22 05:00:00
776,5.92,6.0058,5.47,5.52,2316881,2021-07-23 05:00:00
777,5.5,5.75,5.42,5.49,1864654,2021-07-26 05:00:00
778,5.51,5.53,5.13,5.34,1121407,2021-07-27 05:00:00
779,5.3,5.5466,5.3,5.48,473174,2021-07-28 05:00:00
780,5.49,5.54,5.32,5.33,304591,2021-07-29 05:00:00
781,5.3,5.499,5.21,5.32,342059,2021-07-30 05:00:00
782,6.53,6.75,5.78,5.86,16980341,2021-08-02 05:00:00
783,5.85,5.87,5.373,5.54,3087395,2021-08-03 05:00:00
784,5.62,5.93,5.46,5.77,1767123,2021-08-04 05:00:00
785,5.78,6.14,5.74,5.95,1887726,2021-08-05 05:00:00
786,5.8676,6.195,5.7701,6.07,1131129,2021-08-06 05:00:00
787,5.99,6.46,5.95,6.22,1178952,2021-08-09 05:00:00
788,6.25,6.29,5.85,6.05,995824,2021-08-10 05:00:00
789,6.09,6.14,5.86,5.98,608041,2021-08-11 05:00:00
790,5.96,6.13,5.9001,6.11,576867,2021-08-12 05:00:00
791,6.17,6.2,5.85,5.91,650153,2021-08-13 05:00:00
792,5.99,6.0,5.58,5.59,773873,2021-08-16 05:00:00
793,5.55,5.81,5.43,5.75,805546,2021-08-17 05:00:00
794,5.75,5.935,5.5727,5.72,382727,2021-08-18 05:00:00
795,5.7,5.71,5.41,5.43,501201,2021-08-19 05:00:00
796,5.48,5.76,5.41,5.64,574211,2021-08-20 05:00:00
797,5.81,6.27,5.7,6.17,794359,2021-08-23 05:00:00
798,6.25,6.31,6.02,6.3,624156,2021-08-24 05:00:00
799,6.31,6.69,6.2001,6.55,859145,2021-08-25 05:00:00
800,6.52,6.94,6.51,6.6,681805,2021-08-26 05:00:00
801,6.6,6.88,6.43,6.79,593369,2021-08-27 05:00:00
802,6.81,7.19,6.71,6.84,703402,2021-08-30 05:00:00
803,6.94,7.1,6.62,6.87,601841,2021-08-31 05:00:00
804,6.9,7.34,6.84,7.15,854748,2021-09-01 05:00:00
805,7.28,7.55,7.2228,7.37,662194,2021-09-02 05:00:00
806,7.31,7.31,6.93,7.27,881206,2021-09-03 05:00:00
807,7.3,7.51,7.13,7.35,544732,2021-09-07 05:00:00
808,7.33,7.35,6.86,6.98,496052,2021-09-08 05:00:00
809,7.01,7.355,6.87,7.06,477171,2021-09-09 05:00:00
810,7.11,7.2,6.72,6.81,520600,2021-09-10 05:00:00
811,6.92,6.93,6.48,6.67,396614,2021-09-13 05:00:00
812,6.845,6.845,6.48,6.54,286848,2021-09-14 05:00:00
813,6.46,6.66,6.44,6.6,212782,2021-09-15 05:00:00
814,6.6,6.66,6.39,6.58,445508,2021-09-16 05:00:00
815,6.64,6.75,6.45,6.7,204910,2021-09-17 05:00:00
816,6.45,6.64,6.2518,6.39,334605,2021-09-20 05:00:00
817,6.39,6.65,6.39,6.54,317932,2021-09-21 05:00:00
818,6.59,6.72,6.44,6.61,265518,2021-09-22 05:00:00
819,6.58,6.73,6.43,6.7,255102,2021-09-23 05:00:00
820,6.68,6.73,6.29,6.29,250690,2021-09-24 05:00:00
821,6.27,7.26,6.22,7.12,1248994,2021-09-27 05:00:00
822,6.93,7.018,6.49,6.55,418823,2021-09-28 05:00:00
823,6.57,6.63,6.34,6.34,207518,2021-09-29 05:00:00
824,6.49,6.63,6.36,6.55,223895,2021-09-30 05:00:00
825,6.61,6.81,6.5055,6.7,296439,2021-10-01 05:00:00
826,6.63,6.66,6.31,6.37,290072,2021-10-04 05:00:00
827,6.41,6.46,6.111,6.12,221648,2021-10-05 05:00:00
828,6.05,6.19,5.9325,6.08,214671,2021-10-06 05:00:00
829,6.09,6.198,5.9,5.9,344499,2021-10-07 05:00:00
830,5.96,6.27,5.8,5.86,424315,2021-10-08 05:00:00
831,5.87,6.03,5.8,5.88,250262,2021-10-11 05:00:00
832,5.94,6.03,5.762,6.0,242473,2021-10-12 05:00:00
833,6.1,6.34,6.08,6.18,286937,2021-10-13 05:00:00
834,6.22,6.33,6.15,6.2,133781,2021-10-14 05:00:00
835,6.2,6.2,6.01,6.14,147736,2021-10-15 05:00:00
836,6.13,6.22,5.862,5.92,186455,2021-10-18 05:00:00
837,5.88,6.02,5.88,5.97,179292,2021-10-19 05:00:00
838,5.95,6.02,5.85,5.9,176802,2021-10-20 05:00:00
839,5.96,6.14,5.7,5.79,276399,2021-10-21 05:00:00
840,5.73,5.79,5.38,5.58,335764,2021-10-22 05:00:00
841,5.63,5.73,5.57,5.61,203179,2021-10-25 05:00:00
842,5.79,5.79,5.585,5.61,129638,2021-10-26 05:00:00
843,5.58,5.66,5.5,5.6,172331,2021-10-27 05:00:00
844,5.6,5.6699,5.53,5.61,116622,2021-10-28 05:00:00
845,5.55,5.7093,5.51,5.58,140830,2021-10-29 05:00:00
846,5.62,5.79,5.55,5.75,156341,2021-11-01 05:00:00
847,5.75,5.75,5.47,5.54,310511,2021-11-02 05:00:00
848,5.54,6.04,5.51,5.95,757431,2021-11-03 05:00:00
849,5.97,6.05,5.64,5.65,350751,2021-11-04 05:00:00
850,5.7,5.74,5.42,5.56,435193,2021-11-05 05:00:00
851,7.23,7.9,6.76,6.97,41744057,2021-11-08 06:00:00
852,6.82,6.9265,6.38,6.81,2441308,2021-11-09 06:00:00
853,6.5171,7.04,6.5171,6.57,1221811,2021-11-10 06:00:00
854,6.79,6.8,6.48,6.75,553964,2021-11-11 06:00:00
855,6.76,6.92,6.5303,6.9,797572,2021-11-12 06:00:00
856,6.99,7.17,6.7,6.79,760719,2021-11-15 06:00:00
857,6.84,7.07,6.61,7.0,900328,2021-11-16 06:00:00
858,6.98,7.11,6.73,6.74,843350,2021-11-17 06:00:00
859,6.77,6.86,6.06,6.29,951903,2021-11-18 06:00:00
860,6.3,6.45,6.18,6.22,393324,2021-11-19 06:00:00
861,6.24,6.34,6.09,6.18,537872,2021-11-22 06:00:00
862,6.18,6.3457,5.94,6.25,471679,2021-11-23 06:00:00
863,6.21,6.47,6.11,6.41,281860,2021-11-24 06:00:00
864,6.285,6.39,6.1,6.26,290158,2021-11-26 06:00:00
865,6.25,6.335,6.07,6.11,264156,2021-11-29 06:00:00
866,6.07,6.5499,5.97,6.43,535448,2021-11-30 06:00:00
867,6.48,6.57,6.09,6.11,361044,2021-12-01 06:00:00
868,6.07,6.24,5.96,6.21,414917,2021-12-02 06:00:00
869,6.24,6.24,5.69,5.76,642087,2021-12-03 06:00:00
870,5.69,6.05,5.66,5.94,666119,2021-12-06 06:00:00
871,6.04,6.47,6.04,6.34,594253,2021-12-07 06:00:00
872,6.36,6.795,6.2115,6.75,489941,2021-12-08 06:00:00
873,6.7,6.94,6.59,6.62,664659,2021-12-09 06:00:00
874,6.69,6.92,6.63,6.87,565043,2021-12-10 06:00:00
875,6.7,6.75,5.695,5.98,1608736,2021-12-13 06:00:00
876,5.87,5.92,5.62,5.63,634182,2021-12-14 06:00:00
877,5.6,5.77,5.25,5.64,901539,2021-12-15 06:00:00
878,5.73,5.79,5.375,5.45,563183,2021-12-16 06:00:00
879,5.41,5.55,5.18,5.44,1383824,2021-12-17 06:00:00
880,5.3,5.41,5.18,5.32,751720,2021-12-20 06:00:00
881,5.39,5.4709,5.23,5.42,472919,2021-12-21 06:00:00
882,5.41,5.46,5.18,5.21,679578,2021-12-22 06:00:00
883,5.27,5.485,5.1139,5.46,874157,2021-12-23 06:00:00
884,5.5,5.654,5.37,5.43,762272,2021-12-27 06:00:00
885,5.43,5.55,5.18,5.18,386113,2021-12-28 06:00:00
886,5.25,5.35,4.95,5.1,707600,2021-12-29 06:00:00
887,5.1,5.54,5.1,5.29,612430,2021-12-30 06:00:00
888,5.3,5.4099,5.12,5.19,463424,2021-12-31 06:00:00
889,5.22,5.59,5.15,5.46,430047,2022-01-03 06:00:00
890,5.43,5.4366,5.16,5.17,210508,2022-01-04 06:00:00
891,5.21,5.34,4.83,4.9,758809,2022-01-05 06:00:00
892,4.89,4.94,4.63,4.84,403975,2022-01-06 06:00:00
893,4.83,4.95,4.6,4.65,904701,2022-01-07 06:00:00
894,4.6,4.74,4.44,4.69,304171,2022-01-10 06:00:00
895,4.7,4.88,4.7,4.78,260559,2022-01-11 06:00:00
896,4.8,4.8,4.54,4.55,282473,2022-01-12 06:00:00
897,4.56,4.69,4.375,4.38,369219,2022-01-13 06:00:00
898,4.43,4.455,4.21,4.41,379340,2022-01-14 06:00:00
899,4.36,4.39,4.22,4.22,491283,2022-01-18 06:00:00
900,4.27,4.3,4.11,4.14,554112,2022-01-19 06:00:00
901,4.18,4.31,4.12,4.14,474193,2022-01-20 06:00:00
902,4.06,4.17,3.92,3.96,458597,2022-01-21 06:00:00
903,3.87,3.875,3.545,3.83,885394,2022-01-24 06:00:00
904,3.77,3.94,3.767,3.89,241688,2022-01-25 06:00:00
905,3.96,4.05,3.74,3.76,284599,2022-01-26 06:00:00
906,3.88,3.976,3.7,3.74,695182,2022-01-27 06:00:00
907,3.81,3.99,3.65,3.73,382595,2022-01-28 06:00:00
908,3.72,4.02,3.72,3.99,227993,2022-01-31 06:00:00
909,4.01,4.345,3.98,4.28,632687,2022-02-01 06:00:00
910,4.19,4.27,4.03,4.04,204739,2022-02-02 06:00:00
911,3.99,4.1867,3.93,4.12,670292,2022-02-03 06:00:00
912,4.11,4.37,4.1,4.3,833842,2022-02-04 06:00:00
913,4.29,4.4599,4.29,4.39,274343,2022-02-07 06:00:00
914,4.35,4.39,4.1227,4.22,650068,2022-02-08 06:00:00
915,4.29,4.615,4.254,4.54,311412,2022-02-09 06:00:00
916,4.48,5.04,4.41,4.59,588427,2022-02-10 06:00:00
917,4.6,4.6856,4.45,4.53,357355,2022-02-11 06:00:00
918,4.58,4.64,4.37,4.42,520848,2022-02-14 06:00:00
919,4.48,4.57,4.46,4.55,384207,2022-02-15 06:00:00
920,4.54,4.64,4.5,4.58,258035,2022-02-16 06:00:00
921,4.5,4.56,4.39,4.42,252742,2022-02-17 06:00:00
922,4.36,4.47,4.32,4.32,383519,2022-02-18 06:00:00
923,4.37,4.37,3.99,4.01,547718,2022-02-22 06:00:00
924,4.05,4.08,3.82,3.88,712934,2022-02-23 06:00:00
925,3.7,3.995,3.661,3.96,222685,2022-02-24 06:00:00
926,4.06,4.06,3.79,3.91,459661,2022-02-25 06:00:00
927,3.9,3.92,3.72,3.74,535404,2022-02-28 06:00:00
928,3.73,3.94,3.69,3.72,547253,2022-03-01 06:00:00
929,3.72,3.9,3.66,3.87,301480,2022-03-02 06:00:00
930,3.9,3.94,3.6,3.66,339269,2022-03-03 06:00:00
931,3.61,3.65,3.45,3.52,295039,2022-03-04 06:00:00
932,3.53,3.67,3.51,3.52,192229,2022-03-07 06:00:00
933,3.49,3.93,3.42,3.73,340703,2022-03-08 06:00:00
934,3.82,3.93,3.8,3.84,216467,2022-03-09 06:00:00
935,3.55,3.99,3.55,3.94,264177,2022-03-10 06:00:00
936,3.92,3.98,3.87,3.98,239495,2022-03-11 06:00:00
937,3.95,4.08,3.94,3.97,415393,2022-03-14 05:00:00
938,4.0,4.03,3.89,3.91,188964,2022-03-15 05:00:00
939,3.92,4.12,3.92,4.04,296391,2022-03-16 05:00:00
940,4.05,4.32,4.03,4.29,449131,2022-03-17 05:00:00
941,4.29,4.45,4.29,4.35,365512,2022-03-18 05:00:00
942,4.36,4.36,4.2,4.27,214694,2022-03-21 05:00:00
943,4.29,4.34,4.27,4.33,151901,2022-03-22 05:00:00
944,4.28,4.4,4.25,4.33,67307,2022-03-23 05:00:00
945,4.38,4.39,4.29,4.39,103512,2022-03-24 05:00:00
946,4.35,4.35,4.24,4.24,112358,2022-03-25 05:00:00
947,4.24,4.25,4.13,4.18,104838,2022-03-28 05:00:00
948,4.17,4.26,4.17,4.21,341363,2022-03-29 05:00:00
949,4.22,4.3,4.14,4.23,157523,2022-03-30 05:00:00
950,4.24,4.24,4.15,4.17,74857,2022-03-31 05:00:00
951,4.2,4.28,4.16,4.24,273564,2022-04-01 05:00:00
952,4.28,4.5,4.22,4.38,395000,2022-04-04 05:00:00
953,4.42,4.6,4.365,4.57,211670,2022-04-05 05:00:00
954,4.52,4.73,4.45,4.68,156962,2022-04-06 05:00:00
955,4.68,4.69,4.435,4.47,634524,2022-04-07 05:00:00
956,4.42,4.51,4.36,4.45,124964,2022-04-08 05:00:00
957,4.41,4.41,4.165,4.25,477664,2022-04-11 05:00:00
958,4.33,4.38,4.07,4.08,135545,2022-04-12 05:00:00
959,4.1,4.1631,4.08,4.12,129276,2022-04-13 05:00:00
960,4.09,4.18,3.96,4.04,597193,2022-04-14 05:00:00
961,4.02,4.02,3.64,3.71,273983,2022-04-18 05:00:00
962,3.76,3.76,3.56,3.63,263387,2022-04-19 05:00:00
963,3.62,3.72,3.53,3.67,152225,2022-04-20 05:00:00
964,3.68,3.715,3.48,3.5,279697,2022-04-21 05:00:00
965,3.54,3.55,3.35,3.42,296544,2022-04-22 05:00:00
966,3.46,3.58,3.38,3.52,354586,2022-04-25 05:00:00
967,3.54,3.79,3.32,3.33,126799,2022-04-26 05:00:00
968,3.33,3.43,3.1,3.12,212216,2022-04-27 05:00:00
969,3.13,3.22,3.0201,3.2,259112,2022-04-28 05:00:00
970,3.19,3.3942,3.1,3.12,67251,2022-04-29 05:00:00
971,3.11,3.3,3.04,3.24,206957,2022-05-02 05:00:00
972,3.31,3.41,3.22,3.29,143420,2022-05-03 05:00:00
973,3.3,3.3,3.0,3.21,279246,2022-05-04 05:00:00
974,3.18,3.4,3.12,3.26,192618,2022-05-05 05:00:00
975,3.23,3.37,2.83,2.84,269657,2022-05-06 05:00:00
976,2.83,2.86,2.58,2.59,224815,2022-05-09 05:00:00
977,2.57,2.7,2.51,2.6,261309,2022-05-10 05:00:00
978,2.63,2.63,2.2,2.22,404538,2022-05-11 05:00:00
979,2.25,2.55,2.25,2.4,236530,2022-05-12 05:00:00
980,2.46,2.7,2.32,2.37,556581,2022-05-13 05:00:00
981,2.4,2.83,2.32,2.72,559671,2022-05-16 05:00:00
982,2.73,2.95,2.72,2.86,203159,2022-05-17 05:00:00
983,2.79,2.85,2.71,2.73,118744,2022-05-18 05:00:00
984,2.72,2.85,2.68,2.8,140037,2022-05-19 05:00:00
985,2.86,2.86,2.68,2.74,109423,2022-05-20 05:00:00
986,2.73,2.78,2.6,2.71,153490,2022-05-23 05:00:00
987,2.7,2.7,2.59,2.6,100134,2022-05-24 05:00:00
988,2.61,2.65,2.53,2.56,78876,2022-05-25 05:00:00
989,2.54,2.69,2.53,2.58,77247,2022-05-26 05:00:00
990,2.63,2.71,2.505,2.62,194847,2022-05-27 05:00:00
991,2.63,2.82,2.63,2.74,316299,2022-05-31 05:00:00
992,2.74,2.74,2.52,2.55,108621,2022-06-01 05:00:00
993,2.6,2.65,2.51,2.56,134094,2022-06-02 05:00:00
994,2.61,2.75,2.52,2.71,166146,2022-06-03 05:00:00
995,2.72,2.93,2.695,2.75,107123,2022-06-06 05:00:00
996,2.69,2.88,2.62,2.81,177588,2022-06-07 05:00:00
997,2.84,2.885,2.8,2.83,104822,2022-06-08 05:00:00
998,2.82,2.86,2.76,2.78,78876,2022-06-09 05:00:00
999,2.78,2.79,2.45,2.56,366906,2022-06-10 05:00:00
