,open,high,low,close,volume,datetime
0,16.425,16.75,16.31,16.645,322600,2002-06-10 05:00:00
1,16.585,16.775,16.415,16.5,487800,2002-06-11 05:00:00
2,16.47,16.86,16.375,16.815,741800,2002-06-12 05:00:00
3,16.87,16.9,16.755,16.76,364000,2002-06-13 05:00:00
4,16.755,17.245,16.495,17.125,824200,2002-06-14 05:00:00
5,17.15,17.345,17.075,17.18,715800,2002-06-17 05:00:00
6,17.22,17.5,17.2,17.445,535800,2002-06-18 05:00:00
7,17.49,17.7,17.175,17.22,1123200,2002-06-19 05:00:00
8,17.2,17.5,17.08,17.25,623000,2002-06-20 05:00:00
9,17.105,17.27,17.105,17.25,1067800,2002-06-21 05:00:00
10,17.25,17.335,16.92,17.045,712200,2002-06-24 05:00:00
11,17.185,17.25,16.73,16.755,557000,2002-06-25 05:00:00
12,16.715,16.825,16.25,16.67,862600,2002-06-26 05:00:00
13,16.6,17.12,16.56,16.725,992000,2002-06-27 05:00:00
14,16.8,16.97,16.625,16.765,1078200,2002-06-28 05:00:00
15,16.815,16.815,16.3,16.325,786400,2002-07-01 05:00:00
16,16.325,16.38,16.2,16.255,651400,2002-07-02 05:00:00
17,16.255,16.4,16.09,16.185,962400,2002-07-03 05:00:00
18,16.35,16.65,16.22,16.36,712800,2002-07-05 05:00:00
19,16.2,16.5,16.125,16.145,711400,2002-07-08 05:00:00
20,16.1,16.41,15.925,15.925,1351400,2002-07-09 05:00:00
21,16.045,16.24,15.75,15.775,661200,2002-07-10 05:00:00
22,15.92,16.03,15.405,15.67,945800,2002-07-11 05:00:00
23,15.755,16.16,15.475,15.685,481800,2002-07-12 05:00:00
24,15.635,15.94,15.225,15.57,1191800,2002-07-15 05:00:00
25,15.46,15.895,15.375,15.73,453400,2002-07-16 05:00:00
26,15.725,15.965,15.315,15.82,638800,2002-07-17 05:00:00
27,15.87,15.91,15.475,15.515,751200,2002-07-18 05:00:00
28,15.45,15.54,15.0,15.125,1232600,2002-07-19 05:00:00
29,15.055,15.175,14.15,14.225,994000,2002-07-22 05:00:00
30,14.15,14.44,13.53,13.805,966400,2002-07-23 05:00:00
31,13.82,14.0,13.05,13.8,1512000,2002-07-24 05:00:00
32,13.7,14.96,13.525,14.72,1134200,2002-07-25 05:00:00
33,14.67,14.935,14.15,14.28,819200,2002-07-26 05:00:00
34,14.29,15.25,14.29,15.17,750600,2002-07-29 05:00:00
35,15.175,15.25,14.515,15.095,504600,2002-07-30 05:00:00
36,15.01,15.35,14.85,15.0,524800,2002-07-31 05:00:00
37,14.955,15.08,14.165,14.22,636400,2002-08-01 05:00:00
38,14.16,14.245,13.925,13.975,415600,2002-08-02 05:00:00
39,14.0,14.005,13.08,13.305,1260200,2002-08-05 05:00:00
40,13.5,14.295,13.375,14.075,662400,2002-08-06 05:00:00
41,14.33,14.655,13.875,14.475,654800,2002-08-07 05:00:00
42,14.555,14.75,14.2,14.745,400600,2002-08-08 05:00:00
43,14.715,14.975,14.5,14.82,503200,2002-08-09 05:00:00
44,14.9,14.95,14.4,14.66,445200,2002-08-12 05:00:00
45,14.645,14.91,14.07,14.155,417600,2002-08-13 05:00:00
46,14.07,14.79,13.85,14.765,481800,2002-08-14 05:00:00
47,14.56,15.03,14.56,14.9,424600,2002-08-15 05:00:00
48,14.895,15.04,14.85,14.995,337800,2002-08-16 05:00:00
49,15.05,15.125,14.84,15.05,361000,2002-08-19 05:00:00
50,14.875,15.015,14.625,14.755,408600,2002-08-20 05:00:00
51,14.75,15.13,14.725,15.12,565000,2002-08-21 05:00:00
52,15.125,15.37,14.955,15.275,469400,2002-08-22 05:00:00
53,15.22,15.225,14.635,14.635,409000,2002-08-23 05:00:00
54,14.625,15.23,14.57,15.11,380200,2002-08-26 05:00:00
55,15.235,15.25,14.345,14.455,606600,2002-08-27 05:00:00
56,14.48,14.48,14.21,14.21,336000,2002-08-28 05:00:00
57,14.17,14.17,13.725,13.9,913400,2002-08-29 05:00:00
58,13.775,14.045,13.755,13.795,378400,2002-08-30 05:00:00
59,13.755,14.165,13.71,13.865,581000,2002-09-03 05:00:00
60,13.835,14.19,13.545,13.895,894400,2002-09-04 05:00:00
61,13.825,13.9,13.13,13.13,1246400,2002-09-05 05:00:00
62,13.13,13.35,13.115,13.19,844000,2002-09-06 05:00:00
63,13.22,13.815,13.08,13.72,458200,2002-09-09 05:00:00
64,13.755,13.93,13.465,13.535,574600,2002-09-10 05:00:00
65,13.465,13.86,13.465,13.56,610800,2002-09-11 05:00:00
66,13.55,13.605,13.205,13.3,480400,2002-09-12 05:00:00
67,13.225,13.545,13.13,13.52,468800,2002-09-13 05:00:00
68,13.5,13.65,13.265,13.415,434000,2002-09-16 05:00:00
69,13.425,13.575,12.915,13.105,843200,2002-09-17 05:00:00
70,13.07,13.395,13.03,13.22,432800,2002-09-18 05:00:00
71,13.2,13.61,13.095,13.52,998000,2002-09-19 05:00:00
72,13.58,13.715,13.295,13.68,994200,2002-09-20 05:00:00
73,13.645,13.715,13.545,13.675,794400,2002-09-23 05:00:00
74,13.535,13.735,13.33,13.595,570000,2002-09-24 05:00:00
75,13.595,13.95,13.495,13.86,494800,2002-09-25 05:00:00
76,13.94,14.54,13.815,14.51,366400,2002-09-26 05:00:00
77,14.415,14.425,13.705,13.835,685600,2002-09-27 05:00:00
78,13.935,13.935,13.135,13.51,1232000,2002-09-30 05:00:00
79,13.535,14.045,13.225,14.015,503800,2002-10-01 05:00:00
80,13.995,14.06,13.485,13.615,727400,2002-10-02 05:00:00
81,13.97,14.25,13.775,14.085,592600,2002-10-03 05:00:00
82,14.085,14.105,13.385,13.765,517000,2002-10-04 05:00:00
83,13.685,13.83,13.44,13.585,481000,2002-10-07 05:00:00
84,13.695,13.92,13.375,13.595,531600,2002-10-08 05:00:00
85,13.505,13.505,12.92,13.06,778000,2002-10-09 05:00:00
86,13.1,13.5,12.98,13.345,918200,2002-10-10 05:00:00
87,13.56,13.65,13.355,13.44,757800,2002-10-11 05:00:00
88,13.425,13.5,13.33,13.38,594400,2002-10-14 05:00:00
89,13.5,14.065,13.375,13.75,1625800,2002-10-15 05:00:00
90,13.78,13.78,13.45,13.635,1136800,2002-10-16 05:00:00
91,13.715,13.845,13.53,13.8,1158400,2002-10-17 05:00:00
92,13.835,13.915,13.665,13.8,684600,2002-10-18 05:00:00
93,13.85,13.85,13.4,13.805,1178800,2002-10-21 05:00:00
94,13.6,14.075,13.505,13.935,1138000,2002-10-22 05:00:00
95,13.8,14.825,13.755,14.635,1393600,2002-10-23 05:00:00
96,14.735,15.215,14.66,14.71,1676000,2002-10-24 05:00:00
97,14.885,15.0,14.595,14.955,512200,2002-10-25 05:00:00
98,14.905,15.0,14.5,14.56,573400,2002-10-28 06:00:00
99,14.505,14.675,14.15,14.56,612600,2002-10-29 06:00:00
100,14.62,15.0,14.62,14.95,523600,2002-10-30 06:00:00
101,14.855,15.125,14.705,14.785,384800,2002-10-31 06:00:00
102,14.82,15.035,14.45,15.0,720200,2002-11-01 06:00:00
103,15.05,15.36,15.045,15.22,451400,2002-11-04 06:00:00
104,15.155,15.49,15.0,15.425,505000,2002-11-05 06:00:00
105,15.495,15.545,15.12,15.41,808400,2002-11-06 06:00:00
106,15.47,15.475,14.85,14.915,767400,2002-11-07 06:00:00
107,14.98,15.31,14.895,15.23,545200,2002-11-08 06:00:00
108,15.185,15.185,14.625,14.685,437800,2002-11-11 06:00:00
109,14.7,14.95,14.6,14.8,612600,2002-11-12 06:00:00
110,14.7,15.205,14.55,15.125,579800,2002-11-13 06:00:00
111,15.175,15.52,15.0,15.515,590000,2002-11-14 06:00:00
112,15.5,15.65,15.265,15.63,1015600,2002-11-15 06:00:00
113,15.58,15.6,15.1,15.11,475200,2002-11-18 06:00:00
114,15.135,15.42,14.91,15.195,432400,2002-11-19 06:00:00
115,15.08,15.595,15.08,15.58,409600,2002-11-20 06:00:00
116,15.555,15.705,15.375,15.45,704400,2002-11-21 06:00:00
117,15.42,15.425,14.925,15.125,1028800,2002-11-22 06:00:00
118,15.17,15.17,14.9,15.13,499800,2002-11-25 06:00:00
119,15.145,15.145,14.59,14.73,755600,2002-11-26 06:00:00
120,14.63,15.21,14.63,15.125,706200,2002-11-27 06:00:00
121,15.225,15.405,15.165,15.28,261000,2002-11-29 06:00:00
122,15.305,15.375,15.2,15.32,542000,2002-12-02 06:00:00
123,15.295,15.6,15.25,15.48,580600,2002-12-03 06:00:00
124,15.445,15.925,15.075,15.59,1481800,2002-12-04 06:00:00
125,15.675,15.795,15.445,15.765,1860200,2002-12-05 06:00:00
126,15.815,15.875,15.55,15.82,1629000,2002-12-06 06:00:00
127,15.79,15.84,15.315,15.455,1145600,2002-12-09 06:00:00
128,15.51,15.815,15.405,15.79,1131000,2002-12-10 06:00:00
129,15.775,16.135,15.7,16.04,1424200,2002-12-11 06:00:00
130,16.1,16.395,16.075,16.34,2567600,2002-12-12 06:00:00
131,16.365,16.43,16.035,16.275,1715000,2002-12-13 06:00:00
132,16.25,16.315,15.91,16.245,2082600,2002-12-16 06:00:00
133,16.04,16.265,15.875,15.93,1068200,2002-12-17 06:00:00
134,15.86,16.01,15.65,15.785,776800,2002-12-18 06:00:00
135,15.95,16.2,15.8,15.895,1704200,2002-12-19 06:00:00
136,16.01,16.22,15.675,15.97,11582200,2002-12-20 06:00:00
137,15.96,16.225,15.725,15.97,2836800,2002-12-23 06:00:00
138,15.97,15.97,15.75,15.755,634400,2002-12-24 06:00:00
139,15.78,16.15,15.63,15.71,804800,2002-12-26 06:00:00
140,15.675,15.845,15.425,15.495,1063400,2002-12-27 06:00:00
141,15.45,15.595,15.375,15.525,1553800,2002-12-30 06:00:00
142,15.625,15.75,15.505,15.6,963600,2002-12-31 06:00:00
143,15.78,16.095,15.6,15.89,1490600,2003-01-02 06:00:00
144,15.93,15.95,15.64,15.67,1205800,2003-01-03 06:00:00
145,15.65,15.975,15.6,15.825,1576400,2003-01-06 06:00:00
146,15.745,15.885,15.585,15.75,1182400,2003-01-07 06:00:00
147,15.685,15.8,15.48,15.525,979800,2003-01-08 06:00:00
148,15.545,15.92,15.495,15.715,1655200,2003-01-09 06:00:00
149,15.625,15.775,15.43,15.5,747000,2003-01-10 06:00:00
150,15.47,15.615,15.15,15.31,2063000,2003-01-13 06:00:00
151,15.285,15.4,15.12,15.245,586200,2003-01-14 06:00:00
152,15.17,15.275,14.825,14.97,911400,2003-01-15 06:00:00
153,14.9,15.125,14.9,14.965,1017800,2003-01-16 06:00:00
154,15.045,15.225,14.75,14.78,1066000,2003-01-17 06:00:00
155,14.68,14.895,14.35,14.395,1306400,2003-01-21 06:00:00
156,14.36,14.5,14.13,14.185,1328000,2003-01-22 06:00:00
157,14.04,14.395,14.005,14.21,1063000,2003-01-23 06:00:00
158,14.2,14.23,14.005,14.11,1560600,2003-01-24 06:00:00
159,14.125,14.425,13.925,13.995,980400,2003-01-27 06:00:00
160,14.025,14.17,13.79,13.955,883000,2003-01-28 06:00:00
161,13.855,14.415,13.5,14.215,1251000,2003-01-29 06:00:00
162,14.25,14.325,13.74,13.75,671800,2003-01-30 06:00:00
163,13.735,14.26,13.625,14.01,904600,2003-01-31 06:00:00
164,13.99,14.24,13.93,14.11,1099600,2003-02-03 06:00:00
165,14.03,14.035,13.755,13.96,1596200,2003-02-04 06:00:00
166,14.625,15.81,14.5,15.16,4375800,2003-02-05 06:00:00
167,15.05,15.655,15.035,15.26,1485600,2003-02-06 06:00:00
168,15.35,15.5,14.815,14.82,1110200,2003-02-07 06:00:00
169,14.825,15.29,14.815,15.075,1014600,2003-02-10 06:00:00
170,15.11,15.34,15.09,15.235,1193400,2003-02-11 06:00:00
171,15.225,15.425,15.125,15.13,897400,2003-02-12 06:00:00
172,15.235,15.25,14.97,14.97,735800,2003-02-13 06:00:00
173,15.105,15.495,14.98,15.255,745000,2003-02-14 06:00:00
174,15.25,15.75,15.24,15.705,1102400,2003-02-18 06:00:00
175,15.76,15.76,15.53,15.68,997800,2003-02-19 06:00:00
176,15.75,15.79,15.625,15.71,1147200,2003-02-20 06:00:00
177,15.75,15.875,15.525,15.805,912600,2003-02-21 06:00:00
178,15.635,15.645,15.15,15.15,927800,2003-02-24 06:00:00
179,15.145,15.42,14.755,15.41,687200,2003-02-25 06:00:00
180,15.33,15.39,15.005,15.05,671000,2003-02-26 06:00:00
181,15.105,15.405,14.975,15.29,784600,2003-02-27 06:00:00
182,15.345,15.61,15.215,15.355,585800,2003-02-28 06:00:00
183,15.595,15.6,15.355,15.545,786600,2003-03-03 06:00:00
184,15.405,15.745,15.405,15.62,706800,2003-03-04 06:00:00
185,15.55,15.85,15.55,15.735,1313200,2003-03-05 06:00:00
186,15.625,15.8,15.475,15.685,693000,2003-03-06 06:00:00
187,15.55,15.755,15.5,15.665,761800,2003-03-07 06:00:00
188,15.6,15.66,15.325,15.375,784200,2003-03-10 06:00:00
189,15.37,15.575,15.29,15.335,747200,2003-03-11 06:00:00
190,15.265,15.44,15.04,15.3,1067400,2003-03-12 06:00:00
191,15.4,16.19,15.395,16.18,1705400,2003-03-13 06:00:00
192,16.24,16.265,16.065,16.25,876800,2003-03-14 06:00:00
193,16.225,16.68,16.135,16.67,1377600,2003-03-17 06:00:00
194,16.375,16.455,16.02,16.37,1527400,2003-03-18 06:00:00
195,16.375,16.84,16.36,16.74,724800,2003-03-19 06:00:00
196,16.64,16.945,16.505,16.9,557400,2003-03-20 06:00:00
197,17.095,17.245,16.7,17.18,899600,2003-03-21 06:00:00
198,16.81,16.925,16.65,16.89,1061200,2003-03-24 06:00:00
199,16.955,17.2,16.875,17.155,763000,2003-03-25 06:00:00
200,17.16,17.225,16.925,17.065,596600,2003-03-26 06:00:00
201,17.075,17.075,16.655,16.77,1068200,2003-03-27 06:00:00
202,16.705,16.715,16.41,16.5,822800,2003-03-28 06:00:00
203,16.405,16.405,15.945,16.35,1555800,2003-03-31 06:00:00
204,16.095,16.5,16.005,16.39,936600,2003-04-01 06:00:00
205,16.49,16.92,16.405,16.82,790000,2003-04-02 06:00:00
206,16.92,17.0,16.685,16.7,1362200,2003-04-03 06:00:00
207,16.77,17.125,16.72,16.935,571200,2003-04-04 06:00:00
208,17.055,17.42,16.965,17.015,887800,2003-04-07 05:00:00
209,17.195,17.375,16.965,17.26,666400,2003-04-08 05:00:00
210,17.28,17.5,16.895,16.97,1156800,2003-04-09 05:00:00
211,16.97,17.025,16.795,17.025,519600,2003-04-10 05:00:00
212,17.06,17.175,16.77,16.885,515800,2003-04-11 05:00:00
213,16.88,17.275,16.845,17.22,856800,2003-04-14 05:00:00
214,17.3,17.5,17.21,17.495,687200,2003-04-15 05:00:00
215,17.5,17.5,17.02,17.11,779200,2003-04-16 05:00:00
216,17.115,17.6,17.115,17.565,1109600,2003-04-17 05:00:00
217,17.5,17.555,17.3,17.52,439200,2003-04-21 05:00:00
218,17.5,17.995,17.475,17.905,1056800,2003-04-22 05:00:00
219,18.01,18.855,17.975,18.4,2921600,2003-04-23 05:00:00
220,18.22,18.395,18.09,18.25,884600,2003-04-24 05:00:00
221,18.22,18.25,17.955,18.07,640400,2003-04-25 05:00:00
222,18.05,18.56,18.015,18.465,1178800,2003-04-28 05:00:00
223,18.5,18.735,18.23,18.525,999200,2003-04-29 05:00:00
224,18.475,18.555,18.325,18.395,626600,2003-04-30 05:00:00
225,18.46,18.565,17.93,18.09,1084600,2003-05-01 05:00:00
226,18.055,18.295,17.94,18.235,1702400,2003-05-02 05:00:00
227,18.505,18.855,18.29,18.77,1525200,2003-05-05 05:00:00
228,18.77,19.095,18.77,18.905,2025400,2003-05-06 05:00:00
229,18.895,19.165,18.795,18.91,1409600,2003-05-07 05:00:00
230,18.86,18.875,18.57,18.74,1798200,2003-05-08 05:00:00
231,18.725,19.0,18.675,18.95,904200,2003-05-09 05:00:00
232,19.0,19.38,18.755,19.21,1068600,2003-05-12 05:00:00
233,19.21,19.21,18.83,19.02,859400,2003-05-13 05:00:00
234,19.09,19.095,18.775,18.83,644600,2003-05-14 05:00:00
235,18.81,18.95,18.755,18.805,640400,2003-05-15 05:00:00
236,18.84,18.84,18.295,18.455,1349600,2003-05-16 05:00:00
237,18.375,18.415,17.975,17.975,891000,2003-05-19 05:00:00
238,18.035,18.13,17.79,17.915,500600,2003-05-20 05:00:00
239,17.925,18.035,17.81,17.985,715800,2003-05-21 05:00:00
240,17.95,18.11,17.83,17.965,646800,2003-05-22 05:00:00
241,17.9,18.03,17.675,17.965,512600,2003-05-23 05:00:00
242,17.885,18.075,17.775,18.075,1265200,2003-05-27 05:00:00
243,18.06,18.425,18.03,18.215,722400,2003-05-28 05:00:00
244,18.3,18.5,18.035,18.15,589600,2003-05-29 05:00:00
245,18.175,18.63,17.995,18.63,569200,2003-05-30 05:00:00
246,18.635,18.88,18.455,18.525,602400,2003-06-02 05:00:00
247,18.585,18.625,18.31,18.37,414200,2003-06-03 05:00:00
248,18.255,18.82,18.215,18.725,601200,2003-06-04 05:00:00
249,18.375,18.48,18.165,18.43,668000,2003-06-05 05:00:00
250,18.575,18.63,17.67,17.785,994200,2003-06-06 05:00:00
251,17.755,17.83,17.525,17.58,768000,2003-06-09 05:00:00
252,17.66,18.05,17.6,17.95,464600,2003-06-10 05:00:00
253,18.02,18.05,17.595,17.77,872600,2003-06-11 05:00:00
254,17.595,17.76,17.42,17.675,506600,2003-06-12 05:00:00
255,17.695,17.845,17.32,17.5,648600,2003-06-13 05:00:00
256,17.515,17.765,17.45,17.735,876000,2003-06-16 05:00:00
257,17.855,17.855,17.225,17.51,1034000,2003-06-17 05:00:00
258,17.44,17.63,17.37,17.5,1022400,2003-06-18 05:00:00
259,17.495,17.555,17.07,17.29,1002800,2003-06-19 05:00:00
260,17.31,17.4,17.0,17.25,1513800,2003-06-20 05:00:00
261,17.455,17.74,17.415,17.625,1540200,2003-06-23 05:00:00
262,17.71,17.735,17.125,17.415,618400,2003-06-24 05:00:00
263,17.31,17.775,17.3,17.555,877200,2003-06-25 05:00:00
264,17.625,17.93,17.295,17.755,615400,2003-06-26 05:00:00
265,17.9,18.21,17.755,17.845,731800,2003-06-27 05:00:00
266,17.85,17.92,17.63,17.72,669400,2003-06-30 05:00:00
267,17.6,17.845,17.255,17.705,795800,2003-07-01 05:00:00
268,17.68,17.745,17.5,17.7,690000,2003-07-02 05:00:00
269,17.55,17.755,17.37,17.405,338800,2003-07-03 05:00:00
270,17.5,17.925,17.41,17.88,1053600,2003-07-07 05:00:00
271,17.83,18.59,17.83,18.42,1567200,2003-07-08 05:00:00
272,18.545,18.57,18.325,18.505,713800,2003-07-09 05:00:00
273,18.53,18.655,18.345,18.43,631400,2003-07-10 05:00:00
274,18.445,18.845,18.395,18.53,694800,2003-07-11 05:00:00
275,18.67,19.02,18.555,18.875,696800,2003-07-14 05:00:00
276,18.885,19.0,18.67,18.725,572400,2003-07-15 05:00:00
277,18.825,19.03,18.71,19.0,497600,2003-07-16 05:00:00
278,18.92,19.015,18.615,18.705,633400,2003-07-17 05:00:00
279,18.805,19.085,18.0,18.875,485200,2003-07-18 05:00:00
280,18.875,18.935,18.25,18.5,714800,2003-07-21 05:00:00
281,18.545,18.915,18.33,18.595,490800,2003-07-22 05:00:00
282,18.595,18.6,17.48,18.05,1892800,2003-07-23 05:00:00
283,18.16,18.435,17.945,17.975,807800,2003-07-24 05:00:00
284,18.015,18.455,17.93,18.365,682400,2003-07-25 05:00:00
285,18.435,18.47,17.945,18.185,468400,2003-07-28 05:00:00
286,18.14,18.4,17.72,18.4,737800,2003-07-29 05:00:00
287,18.425,18.46,18.07,18.35,673000,2003-07-30 05:00:00
288,18.375,18.9,18.335,18.46,972600,2003-07-31 05:00:00
289,18.525,18.675,17.965,18.05,967600,2003-08-01 05:00:00
290,18.125,18.375,17.75,18.18,634000,2003-08-04 05:00:00
291,18.19,18.435,18.0,18.035,1023200,2003-08-05 05:00:00
292,18.0,18.325,17.84,17.875,583800,2003-08-06 05:00:00
293,17.9,18.07,17.785,18.06,595800,2003-08-07 05:00:00
294,17.955,18.235,17.885,18.13,1059000,2003-08-08 05:00:00
295,18.035,18.48,18.005,18.455,957000,2003-08-11 05:00:00
296,18.425,18.79,18.4,18.75,1022200,2003-08-12 05:00:00
297,18.8,18.825,18.355,18.615,669000,2003-08-13 05:00:00
298,18.64,18.855,18.535,18.785,404600,2003-08-14 05:00:00
299,18.685,18.835,18.53,18.75,261200,2003-08-15 05:00:00
300,18.75,18.875,18.245,18.735,1058400,2003-08-18 05:00:00
301,18.735,18.84,18.59,18.705,449000,2003-08-19 05:00:00
302,18.705,18.835,18.475,18.53,622000,2003-08-20 05:00:00
303,18.59,18.925,18.47,18.89,680200,2003-08-21 05:00:00
304,19.0,19.09,18.51,18.615,579400,2003-08-22 05:00:00
305,18.59,18.715,18.325,18.445,340200,2003-08-25 05:00:00
306,18.4,18.5,17.975,18.455,536000,2003-08-26 05:00:00
307,18.4,18.47,18.255,18.39,362600,2003-08-27 05:00:00
308,18.425,18.875,18.01,18.835,713800,2003-08-28 05:00:00
309,18.82,18.985,18.705,18.955,435200,2003-08-29 05:00:00
310,18.79,19.495,18.79,19.46,818000,2003-09-02 05:00:00
311,19.35,19.74,19.33,19.625,1195400,2003-09-03 05:00:00
312,19.685,19.75,19.38,19.53,1111800,2003-09-04 05:00:00
313,19.515,19.55,19.015,19.06,582000,2003-09-05 05:00:00
314,19.11,19.56,19.06,19.45,575400,2003-09-08 05:00:00
315,19.29,19.47,19.125,19.33,780000,2003-09-09 05:00:00
316,19.295,19.435,19.025,19.2,548600,2003-09-10 05:00:00
317,19.195,19.415,19.02,19.28,565800,2003-09-11 05:00:00
318,19.385,19.43,19.095,19.355,612000,2003-09-12 05:00:00
319,19.38,19.535,19.31,19.445,864400,2003-09-15 05:00:00
320,19.755,20.06,19.515,20.02,946000,2003-09-16 05:00:00
321,20.045,20.165,19.6,19.6,675600,2003-09-17 05:00:00
322,19.725,20.445,19.605,20.445,924200,2003-09-18 05:00:00
323,20.46,20.5,18.825,19.805,1748600,2003-09-19 05:00:00
324,19.65,19.815,19.38,19.4,666200,2003-09-22 05:00:00
325,19.4,19.82,19.365,19.72,627200,2003-09-23 05:00:00
326,19.2,19.68,18.95,18.95,761000,2003-09-24 05:00:00
327,18.95,19.245,18.685,18.71,875000,2003-09-25 05:00:00
328,18.585,18.88,18.45,18.635,698400,2003-09-26 05:00:00
329,18.625,19.05,18.595,18.98,474600,2003-09-29 05:00:00
330,18.975,19.015,18.575,18.625,689200,2003-09-30 05:00:00
331,18.8,19.35,18.625,19.335,760800,2003-10-01 05:00:00
332,19.4,19.415,18.875,19.19,541200,2003-10-02 05:00:00
333,19.3,19.62,19.125,19.5,761400,2003-10-03 05:00:00
334,19.525,19.635,19.355,19.37,600600,2003-10-06 05:00:00
335,19.465,19.525,19.2,19.47,568800,2003-10-07 05:00:00
336,19.53,19.62,19.175,19.25,742000,2003-10-08 05:00:00
337,19.41,20.005,19.32,19.59,778600,2003-10-09 05:00:00
338,19.655,19.955,19.525,19.685,675600,2003-10-10 05:00:00
339,19.75,20.075,19.725,19.96,450200,2003-10-13 05:00:00
340,19.95,20.335,19.91,20.03,790000,2003-10-14 05:00:00
341,20.0,20.05,19.51,19.885,737600,2003-10-15 05:00:00
342,19.95,20.19,19.845,20.095,492800,2003-10-16 05:00:00
343,20.145,20.145,19.55,19.73,765400,2003-10-17 05:00:00
344,19.73,20.11,19.5,20.11,527000,2003-10-20 05:00:00
345,20.075,20.235,19.875,20.065,500600,2003-10-21 05:00:00
346,19.985,19.985,19.215,19.425,1052000,2003-10-22 05:00:00
347,19.43,19.695,19.205,19.4,778000,2003-10-23 05:00:00
348,19.175,19.905,19.095,19.83,966800,2003-10-24 05:00:00
349,19.925,20.4,19.555,19.785,953200,2003-10-27 06:00:00
350,19.75,20.085,19.485,20.085,1410200,2003-10-28 06:00:00
351,19.91,20.075,19.635,19.74,735200,2003-10-29 06:00:00
352,19.925,19.995,19.55,19.62,876400,2003-10-30 06:00:00
353,19.6,19.825,19.525,19.675,486400,2003-10-31 06:00:00
354,19.6,20.18,19.5,20.18,834600,2003-11-03 06:00:00
355,20.025,20.44,19.955,20.195,644600,2003-11-04 06:00:00
356,20.25,20.445,19.84,20.195,784800,2003-11-05 06:00:00
357,20.25,20.53,20.105,20.445,645800,2003-11-06 06:00:00
358,20.48,20.76,20.445,20.65,761000,2003-11-07 06:00:00
359,20.585,20.8,20.54,20.69,760600,2003-11-10 06:00:00
360,20.68,20.805,20.305,20.425,885600,2003-11-11 06:00:00
361,20.52,21.5,20.42,21.05,928400,2003-11-12 06:00:00
362,21.005,21.31,20.845,21.26,865200,2003-11-13 06:00:00
363,20.225,20.45,19.9,20.15,3978600,2003-11-14 06:00:00
364,20.12,20.275,19.26,19.6,1813000,2003-11-17 06:00:00
365,19.615,19.64,19.15,19.215,1212000,2003-11-18 06:00:00
366,19.25,19.58,19.07,19.465,1083200,2003-11-19 06:00:00
367,19.095,19.69,19.095,19.17,1216400,2003-11-20 06:00:00
368,19.23,19.3,18.935,19.165,1843400,2003-11-21 06:00:00
369,19.155,19.56,18.875,19.46,1286000,2003-11-24 06:00:00
370,19.525,19.63,19.215,19.49,886000,2003-11-25 06:00:00
371,19.44,19.84,19.21,19.55,846800,2003-11-26 06:00:00
372,19.605,19.825,19.55,19.69,433000,2003-11-28 06:00:00
373,19.7,20.905,19.64,20.48,1398800,2003-12-01 06:00:00
374,20.295,20.385,19.625,19.73,1060600,2003-12-02 06:00:00
375,19.86,20.0,19.36,19.36,1713200,2003-12-03 06:00:00
376,19.325,20.0,19.125,19.53,1080400,2003-12-04 06:00:00
377,19.55,19.62,18.75,19.195,1017600,2003-12-05 06:00:00
378,19.1,19.76,19.095,19.7,770400,2003-12-08 06:00:00
379,19.7,19.785,18.9,19.35,907800,2003-12-09 06:00:00
380,19.495,19.59,19.195,19.495,729600,2003-12-10 06:00:00
381,19.52,20.245,19.45,19.885,730800,2003-12-11 06:00:00
382,19.915,19.92,19.225,19.475,695800,2003-12-12 06:00:00
383,19.725,19.75,19.075,19.085,936800,2003-12-15 06:00:00
384,19.2,19.45,18.875,18.975,941600,2003-12-16 06:00:00
385,19.05,19.05,18.705,18.82,892000,2003-12-17 06:00:00
386,18.95,19.11,18.615,18.775,1334000,2003-12-18 06:00:00
387,18.77,18.875,18.36,18.495,1646600,2003-12-19 06:00:00
388,18.56,18.76,18.415,18.625,1321400,2003-12-22 06:00:00
389,18.625,18.82,18.595,18.75,849400,2003-12-23 06:00:00
390,18.675,18.765,18.625,18.7,184800,2003-12-24 06:00:00
391,18.825,18.84,18.6,18.61,214600,2003-12-26 06:00:00
392,18.775,19.03,18.585,19.02,551600,2003-12-29 06:00:00
393,18.955,19.155,18.8,19.09,630200,2003-12-30 06:00:00
394,19.165,19.2,18.84,18.955,878000,2003-12-31 06:00:00
395,18.845,19.395,18.84,18.965,914600,2004-01-02 06:00:00
396,19.075,19.45,19.06,19.38,975400,2004-01-05 06:00:00
397,19.375,19.54,19.15,19.49,706800,2004-01-06 06:00:00
398,19.445,19.45,18.89,19.135,879400,2004-01-07 06:00:00
399,19.28,19.32,18.875,19.15,748200,2004-01-08 06:00:00
400,19.17,19.225,18.8,18.89,578800,2004-01-09 06:00:00
401,18.925,19.09,18.605,18.785,1015000,2004-01-12 06:00:00
402,18.625,18.9,18.6,18.85,853600,2004-01-13 06:00:00
403,18.95,19.12,18.725,18.79,973200,2004-01-14 06:00:00
404,18.395,18.86,18.3,18.62,2043000,2004-01-15 06:00:00
405,18.72,19.215,18.64,19.21,925000,2004-01-16 06:00:00
406,19.175,19.505,19.13,19.42,981200,2004-01-20 06:00:00
407,19.375,19.805,19.235,19.525,816400,2004-01-21 06:00:00
408,19.47,19.64,19.35,19.36,517600,2004-01-22 06:00:00
409,19.325,19.585,19.305,19.56,474400,2004-01-23 06:00:00
410,19.485,19.55,19.12,19.55,576000,2004-01-26 06:00:00
411,19.595,19.6,19.095,19.135,661000,2004-01-27 06:00:00
412,19.26,19.49,18.925,18.945,622800,2004-01-28 06:00:00
413,18.95,19.225,18.9,19.15,764000,2004-01-29 06:00:00
414,19.01,19.165,18.905,18.955,714800,2004-01-30 06:00:00
415,18.975,19.47,18.795,19.14,1181600,2004-02-02 06:00:00
416,19.095,19.375,19.06,19.31,1096000,2004-02-03 06:00:00
417,19.155,20.105,19.1,20.045,2757400,2004-02-04 06:00:00
418,20.07,20.195,19.555,19.7,1219600,2004-02-05 06:00:00
419,19.805,20.19,19.695,20.15,957200,2004-02-06 06:00:00
420,20.085,20.13,19.885,20.085,615000,2004-02-09 06:00:00
421,19.93,20.4,19.595,20.34,932400,2004-02-10 06:00:00
422,20.295,20.605,20.085,20.53,991400,2004-02-11 06:00:00
423,20.475,20.65,20.165,20.19,874800,2004-02-12 06:00:00
424,20.13,20.345,19.78,19.89,1237000,2004-02-13 06:00:00
425,19.855,20.155,19.76,19.915,993800,2004-02-17 06:00:00
426,19.83,19.96,19.3,19.685,1106800,2004-02-18 06:00:00
427,19.705,19.995,19.61,19.69,1307400,2004-02-19 06:00:00
428,19.675,20.105,19.65,19.965,1797600,2004-02-20 06:00:00
429,19.77,19.93,19.565,19.64,1193200,2004-02-23 06:00:00
430,19.825,20.01,19.635,19.845,1179600,2004-02-24 06:00:00
431,19.825,19.905,19.62,19.89,615200,2004-02-25 06:00:00
432,19.95,20.01,19.76,19.93,670600,2004-02-26 06:00:00
433,19.785,19.99,19.645,19.805,780000,2004-02-27 06:00:00
434,19.81,20.22,19.74,20.165,800600,2004-03-01 06:00:00
435,20.085,20.53,19.865,19.95,1085000,2004-03-02 06:00:00
436,19.94,20.03,19.695,19.91,1147400,2004-03-03 06:00:00
437,19.805,20.05,19.805,20.035,707400,2004-03-04 06:00:00
438,19.815,20.235,19.815,19.995,1344400,2004-03-05 06:00:00
439,19.95,20.07,19.465,19.835,2625200,2004-03-08 06:00:00
440,19.7,20.075,19.7,19.865,1287600,2004-03-09 06:00:00
441,19.735,19.975,19.45,19.45,1292200,2004-03-10 06:00:00
442,19.49,19.875,19.325,19.39,1407400,2004-03-11 06:00:00
443,19.595,19.865,19.4,19.865,867200,2004-03-12 06:00:00
444,19.55,19.795,19.35,19.35,770000,2004-03-15 06:00:00
445,19.475,19.555,19.13,19.265,860400,2004-03-16 06:00:00
446,19.345,19.805,19.145,19.645,850400,2004-03-17 06:00:00
447,19.6,19.75,19.5,19.64,815200,2004-03-18 06:00:00
448,19.63,19.665,19.14,19.145,668600,2004-03-19 06:00:00
449,19.145,19.225,18.74,18.81,946600,2004-03-22 06:00:00
450,19.25,19.755,19.13,19.57,1904400,2004-03-23 06:00:00
451,19.535,20.36,19.535,20.29,2494200,2004-03-24 06:00:00
452,20.37,20.535,20.205,20.52,1144200,2004-03-25 06:00:00
453,20.335,20.5,20.3,20.35,527000,2004-03-26 06:00:00
454,20.285,20.755,20.255,20.46,965400,2004-03-29 06:00:00
455,20.475,20.72,20.3,20.72,853400,2004-03-30 06:00:00
456,20.725,20.775,20.475,20.75,752200,2004-03-31 06:00:00
457,21.235,21.45,21.105,21.29,2260600,2004-04-01 06:00:00
458,21.4,21.695,21.4,21.655,1048600,2004-04-02 06:00:00
459,21.68,21.825,21.5,21.79,605000,2004-04-05 05:00:00
460,21.775,22.08,21.755,21.925,1427800,2004-04-06 05:00:00
461,21.905,21.995,21.365,21.585,1445800,2004-04-07 05:00:00
462,21.73,21.735,20.905,21.055,989200,2004-04-08 05:00:00
463,21.125,21.375,20.88,21.22,881800,2004-04-12 05:00:00
464,21.19,21.27,20.835,20.925,940000,2004-04-13 05:00:00
465,20.825,20.965,20.695,20.9,1364400,2004-04-14 05:00:00
466,20.875,21.13,20.73,20.975,745800,2004-04-15 05:00:00
467,20.775,21.005,20.71,20.825,864000,2004-04-16 05:00:00
468,20.85,21.04,20.535,21.035,477400,2004-04-19 05:00:00
469,20.89,21.235,20.675,20.995,984200,2004-04-20 05:00:00
470,20.77,20.955,20.385,20.775,1015200,2004-04-21 05:00:00
471,20.71,21.25,20.505,20.99,903200,2004-04-22 05:00:00
472,20.885,21.005,20.43,20.945,1003000,2004-04-23 05:00:00
473,21.0,21.325,20.55,20.765,502400,2004-04-26 05:00:00
474,20.915,21.24,20.685,20.87,1039600,2004-04-27 05:00:00
475,20.82,20.935,20.465,20.71,1414200,2004-04-28 05:00:00
476,20.76,21.25,20.42,20.62,1163000,2004-04-29 05:00:00
477,20.665,20.955,20.38,20.52,740600,2004-04-30 05:00:00
478,20.465,20.97,20.365,20.77,1556200,2004-05-03 05:00:00
479,20.675,20.73,20.31,20.455,1168400,2004-05-04 05:00:00
480,20.45,20.73,20.135,20.68,886000,2004-05-05 05:00:00
481,20.625,20.95,20.375,20.71,1229800,2004-05-06 05:00:00
482,20.575,20.95,20.4,20.61,1420600,2004-05-07 05:00:00
483,20.465,20.595,20.265,20.425,1189000,2004-05-10 05:00:00
484,20.415,20.56,19.93,20.125,1086800,2004-05-11 05:00:00
485,20.015,20.27,19.875,20.235,1302200,2004-05-12 05:00:00
486,20.315,20.415,19.935,20.155,572600,2004-05-13 05:00:00
487,20.23,20.33,19.9,20.09,611000,2004-05-14 05:00:00
488,20.065,20.085,19.7,19.815,1232800,2004-05-17 05:00:00
489,19.85,19.92,19.48,19.77,1714400,2004-05-18 05:00:00
490,19.895,20.03,19.435,19.48,1778200,2004-05-19 05:00:00
491,19.6,19.7,19.5,19.53,864000,2004-05-20 05:00:00
492,19.63,19.865,19.51,19.86,1068000,2004-05-21 05:00:00
493,19.97,20.075,19.865,19.995,920000,2004-05-24 05:00:00
494,20.05,20.81,19.98,20.805,1362200,2004-05-25 05:00:00
495,20.66,20.785,20.5,20.635,588600,2004-05-26 05:00:00
496,20.67,20.745,20.325,20.565,775000,2004-05-27 05:00:00
497,20.52,20.79,20.485,20.79,499400,2004-05-28 05:00:00
498,20.645,20.975,20.52,20.95,1302800,2004-06-01 05:00:00
499,21.025,21.125,20.895,21.03,786600,2004-06-02 05:00:00
500,20.95,21.02,20.755,20.755,552400,2004-06-03 05:00:00
501,20.855,21.075,20.7,20.835,823800,2004-06-04 05:00:00
502,20.915,21.215,20.835,21.155,706000,2004-06-07 05:00:00
503,21.175,21.525,21.095,21.515,765800,2004-06-08 05:00:00
504,21.36,21.43,21.21,21.25,568200,2004-06-09 05:00:00
505,21.365,21.47,21.245,21.385,761800,2004-06-10 05:00:00
506,21.35,21.4,21.155,21.185,729200,2004-06-14 05:00:00
507,21.38,21.715,21.36,21.57,789400,2004-06-15 05:00:00
508,21.615,21.68,21.32,21.555,541400,2004-06-16 05:00:00
509,21.475,21.585,21.25,21.495,484600,2004-06-17 05:00:00
510,21.425,21.745,21.35,21.5,1031800,2004-06-18 05:00:00
511,21.475,21.515,21.26,21.295,765000,2004-06-21 05:00:00
512,21.33,21.63,21.0,21.63,739000,2004-06-22 05:00:00
513,21.62,22.085,21.61,22.085,1069800,2004-06-23 05:00:00
514,22.155,22.155,21.73,21.85,578800,2004-06-24 05:00:00
515,21.825,22.5,21.825,22.46,1772800,2004-06-25 05:00:00
516,22.5,22.875,22.425,22.82,1760400,2004-06-28 05:00:00
517,22.725,23.085,22.545,22.605,1330000,2004-06-29 05:00:00
518,22.325,22.92,22.305,22.92,1519200,2004-06-30 05:00:00
519,23.135,23.375,22.635,22.76,1465200,2004-07-01 05:00:00
520,22.845,22.925,22.615,22.77,663400,2004-07-02 05:00:00
521,22.795,22.965,22.585,22.725,1317800,2004-07-06 05:00:00
522,22.685,22.97,22.635,22.96,566400,2004-07-07 05:00:00
523,23.0,23.0,22.305,22.355,1162200,2004-07-08 05:00:00
524,22.26,22.66,22.26,22.585,694800,2004-07-09 05:00:00
525,22.56,22.77,22.2,22.57,981400,2004-07-12 05:00:00
526,22.59,22.74,22.45,22.71,816200,2004-07-13 05:00:00
527,22.575,22.87,22.515,22.655,595800,2004-07-14 05:00:00
528,22.605,23.2,22.525,22.995,759000,2004-07-15 05:00:00
529,22.995,23.075,22.67,22.67,775600,2004-07-16 05:00:00
530,22.84,23.005,22.75,22.91,978800,2004-07-19 05:00:00
531,22.925,23.325,22.9,23.315,909600,2004-07-20 05:00:00
532,22.935,23.06,21.84,22.26,3507400,2004-07-21 05:00:00
533,22.3,22.33,22.0,22.185,1459400,2004-07-22 05:00:00
534,22.125,22.315,21.9,21.955,723000,2004-07-23 05:00:00
535,21.92,22.3,21.75,21.805,899800,2004-07-26 05:00:00
536,21.92,22.0,21.32,21.625,1187800,2004-07-27 05:00:00
537,21.525,21.775,21.31,21.63,1376400,2004-07-28 05:00:00
538,21.74,22.12,21.575,22.005,1006000,2004-07-29 05:00:00
539,21.93,22.05,21.52,21.865,699800,2004-07-30 05:00:00
540,21.8,22.205,21.725,22.115,1137800,2004-08-02 05:00:00
541,22.05,22.39,22.0,22.015,889000,2004-08-03 05:00:00
542,22.095,22.225,21.855,22.045,807600,2004-08-04 05:00:00
543,22.045,22.045,21.42,21.42,1046600,2004-08-05 05:00:00
544,21.37,21.4,20.57,20.61,1925000,2004-08-06 05:00:00
545,21.315,21.795,20.62,21.01,2024000,2004-08-09 05:00:00
546,21.12,21.565,21.02,21.485,1097400,2004-08-10 05:00:00
547,21.375,21.645,21.25,21.465,771200,2004-08-11 05:00:00
548,21.325,21.46,21.005,21.015,924200,2004-08-12 05:00:00
549,21.1,21.34,20.675,20.8,787200,2004-08-13 05:00:00
550,20.895,21.15,20.775,20.915,1322800,2004-08-16 05:00:00
551,20.87,21.095,20.745,21.095,998600,2004-08-17 05:00:00
552,21.0,21.4,20.84,21.365,956600,2004-08-18 05:00:00
553,21.305,21.355,20.975,21.135,785800,2004-08-19 05:00:00
554,21.14,21.34,20.855,21.27,617200,2004-08-20 05:00:00
555,21.27,21.56,20.885,21.015,922800,2004-08-23 05:00:00
556,21.225,21.335,20.965,21.11,906400,2004-08-24 05:00:00
557,21.2,21.52,21.09,21.415,804200,2004-08-25 05:00:00
558,21.31,21.73,21.2,21.24,855200,2004-08-26 05:00:00
559,21.355,21.515,21.19,21.405,562800,2004-08-27 05:00:00
560,21.305,21.765,21.0,21.03,704000,2004-08-30 05:00:00
561,21.0,21.335,21.0,21.335,798800,2004-08-31 05:00:00
562,21.16,21.69,21.125,21.395,850200,2004-09-01 05:00:00
563,21.4,21.895,21.355,21.815,758200,2004-09-02 05:00:00
564,21.825,21.9,21.6,21.675,780000,2004-09-03 05:00:00
565,21.775,22.255,21.7,22.255,1078200,2004-09-07 05:00:00
566,22.275,22.36,21.95,22.055,837200,2004-09-08 05:00:00
567,22.115,22.35,22.03,22.165,617200,2004-09-09 05:00:00
568,22.225,22.355,22.0,22.355,607200,2004-09-10 05:00:00
569,22.33,22.495,22.305,22.425,762400,2004-09-13 05:00:00
570,22.425,22.465,22.13,22.275,1152200,2004-09-14 05:00:00
571,22.32,22.47,22.205,22.255,839400,2004-09-15 05:00:00
572,22.3,22.465,22.24,22.425,610200,2004-09-16 05:00:00
573,22.535,22.79,22.5,22.6,1028800,2004-09-17 05:00:00
574,22.66,22.845,22.47,22.73,671200,2004-09-20 05:00:00
575,22.85,23.0,22.7,22.91,871400,2004-09-21 05:00:00
576,22.925,22.925,22.285,22.465,958600,2004-09-22 05:00:00
577,22.35,22.575,22.275,22.315,895800,2004-09-23 05:00:00
578,22.39,22.975,22.265,22.815,874200,2004-09-24 05:00:00
579,22.725,22.915,22.555,22.695,816800,2004-09-27 05:00:00
580,22.73,22.735,22.52,22.665,881800,2004-09-28 05:00:00
581,22.62,23.2,22.54,23.2,1126600,2004-09-29 05:00:00
582,23.13,23.27,22.98,23.195,758400,2004-09-30 05:00:00
583,23.42,23.875,23.28,23.815,1148600,2004-10-01 05:00:00
584,23.735,24.04,23.605,23.665,832200,2004-10-04 05:00:00
585,23.71,24.125,23.67,23.885,1360000,2004-10-05 05:00:00
586,23.91,23.995,23.7,23.755,1171800,2004-10-06 05:00:00
587,23.665,23.775,23.345,23.37,621200,2004-10-07 05:00:00
588,23.4,23.6,23.265,23.415,798600,2004-10-08 05:00:00
589,23.495,23.595,23.3,23.38,567600,2004-10-11 05:00:00
590,23.355,23.36,22.955,23.215,788200,2004-10-12 05:00:00
591,23.075,23.42,22.785,22.97,913800,2004-10-13 05:00:00
592,23.055,23.42,23.05,23.065,711200,2004-10-14 05:00:00
593,23.055,23.84,23.05,23.65,1281600,2004-10-15 05:00:00
594,23.63,24.15,23.54,24.03,954800,2004-10-18 05:00:00
595,23.995,24.03,23.13,23.335,1325800,2004-10-19 05:00:00
596,24.39,25.255,24.195,25.22,5500200,2004-10-20 05:00:00
597,24.935,26.405,24.9,26.135,2795000,2004-10-21 05:00:00
598,25.94,26.56,25.835,25.9,1914800,2004-10-22 05:00:00
599,25.965,26.24,25.64,26.17,1186200,2004-10-25 05:00:00
600,26.14,27.12,26.125,27.05,2176600,2004-10-26 05:00:00
601,27.025,27.125,26.225,26.92,1894000,2004-10-27 05:00:00
602,26.775,26.935,26.47,26.8,1051800,2004-10-28 05:00:00
603,26.63,27.14,26.385,26.97,1169200,2004-10-29 05:00:00
604,26.8,27.17,26.53,26.73,1274400,2004-11-01 06:00:00
605,26.155,26.58,25.94,26.18,2154800,2004-11-02 06:00:00
606,26.425,26.755,26.32,26.745,1270800,2004-11-03 06:00:00
607,26.8,27.285,26.745,27.16,1676200,2004-11-04 06:00:00
608,27.25,27.685,27.22,27.43,1105000,2004-11-05 06:00:00
609,27.495,27.5,27.14,27.415,1047200,2004-11-08 06:00:00
610,27.5,27.5,27.095,27.29,1200800,2004-11-09 06:00:00
611,27.31,27.425,27.08,27.235,1077600,2004-11-10 06:00:00
612,27.275,27.625,27.125,27.525,1017600,2004-11-11 06:00:00
613,27.235,27.245,26.765,27.245,1242200,2004-11-12 06:00:00
614,26.5,26.57,25.835,26.035,1904000,2004-11-15 06:00:00
615,25.925,26.055,25.625,25.77,1460000,2004-11-16 06:00:00
616,25.65,26.535,25.65,26.2,925200,2004-11-17 06:00:00
617,26.155,26.335,26.085,26.195,706200,2004-11-18 06:00:00
618,26.225,26.305,25.665,25.88,974400,2004-11-19 06:00:00
619,25.855,26.36,25.75,26.29,1157600,2004-11-22 06:00:00
620,26.15,26.43,25.9,26.385,865600,2004-11-23 06:00:00
621,26.52,26.815,26.465,26.68,764600,2004-11-24 06:00:00
622,26.71,26.745,26.395,26.405,261400,2004-11-26 06:00:00
623,26.43,26.675,26.325,26.605,821800,2004-11-29 06:00:00
624,26.55,26.9,26.39,26.875,985200,2004-11-30 06:00:00
625,26.625,27.525,26.62,27.245,1441200,2004-12-01 06:00:00
626,27.25,27.28,26.8,26.945,968200,2004-12-02 06:00:00
627,26.835,27.435,26.7,27.285,1587000,2004-12-03 06:00:00
628,27.315,27.605,27.08,27.09,951000,2004-12-06 06:00:00
629,27.065,27.33,26.515,26.53,825800,2004-12-07 06:00:00
630,26.685,27.4,26.525,27.225,798600,2004-12-08 06:00:00
631,27.2,27.275,26.765,27.07,774200,2004-12-09 06:00:00
632,27.005,27.005,26.425,26.6,623200,2004-12-10 06:00:00
633,26.6,26.98,26.55,26.975,533000,2004-12-13 06:00:00
634,26.91,27.52,26.87,27.505,919000,2004-12-14 06:00:00
635,27.42,27.5,27.015,27.265,700800,2004-12-15 06:00:00
636,27.265,27.32,26.915,27.075,691200,2004-12-16 06:00:00
637,27.36,27.5,27.165,27.22,1006000,2004-12-17 06:00:00
638,27.405,27.47,27.125,27.325,817400,2004-12-20 06:00:00
639,27.325,27.925,27.325,27.615,1180200,2004-12-21 06:00:00
640,27.715,27.93,27.51,27.835,708000,2004-12-22 06:00:00
641,27.725,28.0,27.7,27.815,768400,2004-12-23 06:00:00
642,27.845,27.945,27.315,27.535,1152200,2004-12-27 06:00:00
643,27.73,28.185,27.575,28.185,971600,2004-12-28 06:00:00
644,27.845,28.195,27.835,28.105,1086000,2004-12-29 06:00:00
645,28.01,28.18,28.01,28.105,890600,2004-12-30 06:00:00
646,28.0,28.0,27.69,27.76,626600,2004-12-31 06:00:00
647,28.02,28.05,27.3,27.455,1941200,2005-01-03 06:00:00
648,27.695,27.87,27.23,27.335,1675600,2005-01-04 06:00:00
649,27.245,27.925,27.245,27.58,1448600,2005-01-05 06:00:00
650,27.58,28.04,27.555,27.575,1552400,2005-01-06 06:00:00
651,27.7,27.89,27.205,27.205,1181400,2005-01-07 06:00:00
652,27.14,27.85,27.125,27.655,1423200,2005-01-10 06:00:00
653,27.515,27.72,27.505,27.605,1032800,2005-01-11 06:00:00
654,27.55,27.57,26.53,26.71,1999800,2005-01-12 06:00:00
655,26.605,26.65,26.01,26.03,1927400,2005-01-13 06:00:00
656,26.015,26.175,25.755,26.005,1734000,2005-01-14 06:00:00
657,25.96,26.225,25.785,26.14,1067600,2005-01-18 06:00:00
658,26.2,26.385,25.81,25.945,992000,2005-01-19 06:00:00
659,25.905,26.32,25.74,25.8,873200,2005-01-20 06:00:00
660,25.81,26.15,25.635,25.705,1019800,2005-01-21 06:00:00
661,25.745,26.025,25.505,25.52,692000,2005-01-24 06:00:00
662,25.595,26.205,25.525,25.76,829600,2005-01-25 06:00:00
663,25.975,26.025,25.64,25.895,858000,2005-01-26 06:00:00
664,25.8,26.025,25.47,25.675,975000,2005-01-27 06:00:00
665,25.775,25.775,25.21,25.38,1747000,2005-01-28 06:00:00
666,25.61,25.815,25.405,25.75,1360800,2005-01-31 06:00:00
667,25.79,25.965,25.64,25.85,1201200,2005-02-01 06:00:00
668,25.825,25.985,25.7,25.835,1127200,2005-02-02 06:00:00
669,25.89,25.97,25.515,25.655,981600,2005-02-03 06:00:00
670,25.625,25.81,25.5,25.69,810200,2005-02-04 06:00:00
671,25.75,26.165,25.67,26.165,1746400,2005-02-07 06:00:00
672,26.155,26.76,26.14,26.685,2723400,2005-02-08 06:00:00
673,26.75,26.905,25.575,25.995,2265400,2005-02-09 06:00:00
674,26.015,26.22,25.465,25.605,1920000,2005-02-10 06:00:00
675,25.585,26.345,25.515,26.175,1070400,2005-02-11 06:00:00
676,26.15,26.265,25.845,26.035,681400,2005-02-14 06:00:00
677,26.185,26.905,26.1,26.73,1194200,2005-02-15 06:00:00
678,26.69,27.175,26.55,27.02,1308600,2005-02-16 06:00:00
679,27.045,27.185,26.6,26.785,823600,2005-02-17 06:00:00
680,26.855,27.115,26.42,26.485,1007000,2005-02-18 06:00:00
681,26.355,26.46,25.9,25.98,1345000,2005-02-22 06:00:00
682,26.195,26.66,26.1,26.505,993600,2005-02-23 06:00:00
683,26.355,27.115,26.255,27.115,952400,2005-02-24 06:00:00
684,27.13,27.45,26.96,27.41,773000,2005-02-25 06:00:00
685,27.465,27.71,27.2,27.4,1118600,2005-02-28 06:00:00
686,27.475,27.67,27.34,27.515,911200,2005-03-01 06:00:00
687,27.475,27.745,27.16,27.345,1042200,2005-03-02 06:00:00
688,27.485,27.5,26.815,26.97,951200,2005-03-03 06:00:00
689,27.195,27.355,26.96,27.13,840600,2005-03-04 06:00:00
690,27.24,27.7,27.01,27.7,843200,2005-03-07 06:00:00
691,27.745,27.95,27.505,27.545,1093600,2005-03-08 06:00:00
692,27.62,27.725,27.125,27.425,868000,2005-03-09 06:00:00
693,27.6,27.6,26.775,27.05,706800,2005-03-10 06:00:00
694,27.14,27.45,26.83,27.015,780400,2005-03-11 06:00:00
695,27.145,27.325,26.95,27.115,983400,2005-03-14 06:00:00
696,27.175,27.295,26.77,26.87,629600,2005-03-15 06:00:00
697,26.775,27.02,26.27,26.425,724400,2005-03-16 06:00:00
698,26.4,26.865,26.305,26.615,708200,2005-03-17 06:00:00
699,26.625,26.82,26.25,26.365,1052800,2005-03-18 06:00:00
700,26.325,26.46,25.99,26.21,1036400,2005-03-21 06:00:00
701,26.285,26.385,25.875,25.97,954800,2005-03-22 06:00:00
702,25.995,26.02,25.455,25.67,954600,2005-03-23 06:00:00
703,25.65,26.25,25.525,26.0,1011800,2005-03-24 06:00:00
704,26.01,26.275,25.86,25.86,757200,2005-03-28 06:00:00
705,25.9,26.02,25.335,25.55,999400,2005-03-29 06:00:00
706,25.575,26.04,25.53,26.04,887200,2005-03-30 06:00:00
707,26.13,26.135,25.685,25.765,613000,2005-03-31 06:00:00
708,25.97,26.25,25.365,25.61,1176000,2005-04-01 06:00:00
709,25.545,25.745,25.12,25.49,1094800,2005-04-04 05:00:00
710,25.5,25.73,25.485,25.605,1194400,2005-04-05 05:00:00
711,25.725,25.815,25.42,25.42,759200,2005-04-06 05:00:00
712,25.5,25.535,25.19,25.41,855600,2005-04-07 05:00:00
713,25.255,25.465,24.735,24.81,1722600,2005-04-08 05:00:00
714,24.885,25.08,24.4,24.605,1768800,2005-04-11 05:00:00
715,24.54,25.05,24.51,24.945,1785600,2005-04-12 05:00:00
716,24.845,24.87,24.115,24.31,1596600,2005-04-13 05:00:00
717,24.385,24.385,23.75,24.025,1910000,2005-04-14 05:00:00
718,24.08,24.425,23.805,23.92,1379200,2005-04-15 05:00:00
719,23.885,24.335,23.595,24.12,1512200,2005-04-18 05:00:00
720,24.12,24.585,24.07,24.5,1535000,2005-04-19 05:00:00
721,24.585,24.585,24.07,24.105,1119200,2005-04-20 05:00:00
722,24.285,24.645,24.285,24.49,1497400,2005-04-21 05:00:00
723,24.375,24.605,23.725,23.865,1175000,2005-04-22 05:00:00
724,23.97,24.185,23.805,24.0,1450600,2005-04-25 05:00:00
725,23.88,24.055,23.65,23.65,1301400,2005-04-26 05:00:00
726,24.255,25.43,24.14,25.41,3785600,2005-04-27 05:00:00
727,25.385,25.795,25.165,25.395,1978000,2005-04-28 05:00:00
728,25.46,25.83,25.43,25.8,1516000,2005-04-29 05:00:00
729,25.715,26.365,25.715,26.21,1588800,2005-05-02 05:00:00
730,26.155,26.505,26.155,26.36,1264600,2005-05-03 05:00:00
731,26.45,27.33,26.22,27.235,3049800,2005-05-04 05:00:00
732,27.18,27.6,27.075,27.53,1882800,2005-05-05 05:00:00
733,27.535,27.735,27.5,27.58,1380400,2005-05-06 05:00:00
734,27.535,27.625,27.295,27.61,922000,2005-05-09 05:00:00
735,27.37,27.535,27.21,27.39,1639000,2005-05-10 05:00:00
736,27.445,27.695,27.285,27.64,1568800,2005-05-11 05:00:00
737,27.575,27.685,27.29,27.505,1619200,2005-05-12 05:00:00
738,27.52,27.75,26.9,27.2,1355800,2005-05-13 05:00:00
739,27.18,27.75,27.14,27.705,975800,2005-05-16 05:00:00
740,27.555,27.86,27.375,27.855,894600,2005-05-17 05:00:00
741,27.905,28.71,27.875,28.68,1577400,2005-05-18 05:00:00
742,28.575,29.0,28.575,28.95,837800,2005-05-19 05:00:00
743,28.83,29.12,28.735,29.0,1095200,2005-05-20 05:00:00
744,28.9,29.235,28.9,28.965,825200,2005-05-23 05:00:00
745,29.055,29.715,28.875,29.64,1997800,2005-05-24 05:00:00
746,29.61,29.61,28.97,29.21,740800,2005-05-25 05:00:00
747,29.305,29.805,29.265,29.54,1280400,2005-05-26 05:00:00
748,29.235,29.235,28.7,29.065,1134200,2005-05-27 05:00:00
749,28.96,29.015,28.27,28.585,1337800,2005-05-31 05:00:00
750,28.585,28.985,28.525,28.88,936400,2005-06-01 05:00:00
751,28.835,28.95,28.615,28.66,861000,2005-06-02 05:00:00
752,28.725,28.785,28.465,28.5,802200,2005-06-03 05:00:00
753,28.505,28.67,28.48,28.59,556600,2005-06-06 05:00:00
754,28.63,28.84,28.25,28.275,832000,2005-06-07 05:00:00
755,28.31,28.31,27.685,27.755,1102600,2005-06-08 05:00:00
756,27.69,27.85,27.485,27.735,1034000,2005-06-09 05:00:00
757,27.79,27.795,27.41,27.495,743800,2005-06-10 05:00:00
758,27.565,28.0,27.31,27.67,787400,2005-06-13 05:00:00
759,27.665,27.81,27.64,27.745,1111400,2005-06-14 05:00:00
760,27.85,27.965,27.495,27.95,806400,2005-06-15 05:00:00
761,27.905,28.53,27.87,28.525,909200,2005-06-16 05:00:00
762,28.635,29.02,28.445,28.945,2048200,2005-06-17 05:00:00
763,28.945,29.0,28.675,28.845,982000,2005-06-20 05:00:00
764,28.875,29.025,28.595,28.835,466000,2005-06-21 05:00:00
765,28.89,29.11,28.63,28.905,653600,2005-06-22 05:00:00
766,28.5,28.75,28.155,28.33,1232000,2005-06-23 05:00:00
767,28.34,28.63,27.985,28.125,1136600,2005-06-24 05:00:00
768,28.04,28.525,28.025,28.47,1162000,2005-06-27 05:00:00
769,28.56,28.945,28.45,28.855,1260600,2005-06-28 05:00:00
770,28.79,29.375,28.77,29.26,1207600,2005-06-29 05:00:00
771,29.32,29.43,29.09,29.1,1162200,2005-06-30 05:00:00
772,29.24,29.24,28.81,29.135,659400,2005-07-01 05:00:00
773,29.25,29.5,28.705,29.385,674200,2005-07-05 05:00:00
774,29.445,29.485,29.07,29.195,722400,2005-07-06 05:00:00
775,29.025,29.235,28.74,29.1,863400,2005-07-07 05:00:00
776,28.665,29.09,28.38,28.98,1888400,2005-07-08 05:00:00
777,28.955,29.725,28.845,29.725,1838000,2005-07-11 05:00:00
778,29.6,30.0,29.44,29.82,1508000,2005-07-12 05:00:00
779,29.855,29.93,29.65,29.775,755800,2005-07-13 05:00:00
780,29.87,30.09,29.67,29.98,838000,2005-07-14 05:00:00
781,29.975,30.11,29.84,30.09,1137200,2005-07-15 05:00:00
782,30.1,30.16,29.85,29.905,765800,2005-07-18 05:00:00
783,29.875,29.98,29.46,29.65,924400,2005-07-19 05:00:00
784,29.625,30.12,29.585,30.045,1150400,2005-07-20 05:00:00
785,30.125,30.125,29.54,29.985,2010200,2005-07-21 05:00:00
786,30.02,30.355,29.73,30.145,844800,2005-07-22 05:00:00
787,30.09,30.25,29.595,29.67,1049200,2005-07-25 05:00:00
788,29.84,30.33,29.675,29.95,1598400,2005-07-26 05:00:00
789,30.82,31.75,30.51,31.005,4645000,2005-07-27 05:00:00
790,31.0,31.28,30.82,31.255,1212000,2005-07-28 05:00:00
791,31.24,31.43,30.8,31.285,1736000,2005-07-29 05:00:00
792,31.295,31.525,30.95,31.325,1412000,2005-08-01 05:00:00
793,31.25,31.35,31.0,31.155,1125800,2005-08-02 05:00:00
794,31.12,31.175,30.54,30.795,1143800,2005-08-03 05:00:00
795,30.65,30.72,29.96,30.12,1477000,2005-08-04 05:00:00
796,30.06,30.22,29.75,29.87,1086600,2005-08-05 05:00:00
797,29.95,30.035,29.71,29.85,1227800,2005-08-08 05:00:00
798,29.85,29.92,29.495,29.62,976800,2005-08-09 05:00:00
799,29.665,30.0,29.335,29.495,1102000,2005-08-10 05:00:00
800,29.7,29.98,29.41,29.565,1260800,2005-08-11 05:00:00
801,29.47,29.745,29.205,29.525,1069800,2005-08-12 05:00:00
802,29.515,29.71,29.265,29.645,924600,2005-08-15 05:00:00
803,29.605,29.605,29.05,29.15,789200,2005-08-16 05:00:00
804,29.185,29.43,28.995,29.315,1016800,2005-08-17 05:00:00
805,29.225,29.645,29.025,29.47,743200,2005-08-18 05:00:00
806,29.515,29.705,29.42,29.5,666400,2005-08-19 05:00:00
807,29.7,29.995,29.55,29.955,1125400,2005-08-22 05:00:00
808,29.985,29.985,29.625,29.705,1324600,2005-08-23 05:00:00
809,29.735,30.5,29.61,30.115,1606400,2005-08-24 05:00:00
810,30.15,30.555,30.08,30.51,1143800,2005-08-25 05:00:00
811,30.515,30.535,29.92,30.145,1659800,2005-08-26 05:00:00
812,30.135,30.51,29.9,30.46,775600,2005-08-29 05:00:00
813,30.345,30.43,29.875,30.23,808800,2005-08-30 05:00:00
814,30.155,30.875,29.845,30.875,1059000,2005-08-31 05:00:00
815,30.9,31.595,30.75,31.385,1891800,2005-09-01 05:00:00
816,31.525,31.69,31.0,31.055,665600,2005-09-02 05:00:00
817,31.25,31.6,30.985,31.33,889000,2005-09-06 05:00:00
818,31.38,31.585,31.09,31.585,704600,2005-09-07 05:00:00
819,30.575,31.02,30.555,30.925,1721800,2005-09-08 05:00:00
820,30.785,31.13,30.6,30.97,982000,2005-09-09 05:00:00
821,30.955,31.37,30.82,31.1,695400,2005-09-12 05:00:00
822,31.06,31.175,30.75,30.97,752600,2005-09-13 05:00:00
823,31.0,31.25,30.8,31.045,724800,2005-09-14 05:00:00
824,31.1,31.16,30.55,30.905,1378400,2005-09-15 05:00:00
825,30.825,30.905,30.2,30.66,2301400,2005-09-16 05:00:00
826,30.505,30.71,30.41,30.6,702600,2005-09-19 05:00:00
827,30.655,30.835,30.39,30.5,1208200,2005-09-20 05:00:00
828,30.6,30.99,30.325,30.65,840400,2005-09-21 05:00:00
829,30.555,30.655,29.8,30.545,1424200,2005-09-22 05:00:00
830,30.54,30.54,30.07,30.225,784600,2005-09-23 05:00:00
831,30.465,30.575,29.91,30.195,744000,2005-09-26 05:00:00
832,30.295,30.705,30.07,30.51,1160000,2005-09-27 05:00:00
833,30.745,30.745,30.35,30.535,784000,2005-09-28 05:00:00
834,30.525,31.475,30.45,31.47,1388000,2005-09-29 05:00:00
835,31.52,32.165,31.23,32.065,1453600,2005-09-30 05:00:00
836,32.175,32.565,31.9,32.23,1294200,2005-10-03 05:00:00
837,32.245,32.55,31.935,31.94,733600,2005-10-04 05:00:00
838,31.95,32.02,31.23,31.375,958200,2005-10-05 05:00:00
839,31.385,31.925,30.805,31.095,1171000,2005-10-06 05:00:00
840,31.285,31.585,30.88,31.325,615400,2005-10-07 05:00:00
841,31.5,31.675,31.285,31.49,947000,2005-10-10 05:00:00
842,31.525,32.38,31.275,32.235,1351800,2005-10-11 05:00:00
843,32.31,32.815,31.67,31.9,1863400,2005-10-12 05:00:00
844,31.97,31.97,31.015,31.215,1657000,2005-10-13 05:00:00
845,31.25,31.34,30.64,31.185,1383400,2005-10-14 05:00:00
846,31.1,31.78,30.83,31.77,425400,2005-10-17 05:00:00
847,31.5,31.88,30.78,30.8,802700,2005-10-18 05:00:00
848,31.6,31.6,30.2,30.7,1558300,2005-10-19 05:00:00
849,30.73,31.19,30.15,30.4,1430400,2005-10-20 05:00:00
850,30.89,31.16,30.51,30.66,1685300,2005-10-21 05:00:00
851,31.02,32.11,30.74,31.96,824600,2005-10-24 05:00:00
852,31.8,32.96,31.8,32.91,1062900,2005-10-25 05:00:00
853,33.25,33.91,32.83,33.43,1158700,2005-10-26 05:00:00
854,33.44,33.44,32.48,32.7,564700,2005-10-27 05:00:00
855,33.3,34.74,32.91,34.49,1415300,2005-10-28 05:00:00
856,34.37,35.48,34.23,35.26,967700,2005-10-31 06:00:00
857,35.1,36.0,35.1,35.81,1449000,2005-11-01 06:00:00
858,35.9,37.0,35.72,36.73,1562100,2005-11-02 06:00:00
859,36.65,37.96,36.47,37.26,1674000,2005-11-03 06:00:00
860,37.1,37.32,35.71,36.15,1732000,2005-11-04 06:00:00
861,36.19,37.0,36.18,36.92,1073800,2005-11-07 06:00:00
862,36.92,37.11,36.43,37.02,796000,2005-11-08 06:00:00
863,37.22,37.98,36.98,37.97,1139300,2005-11-09 06:00:00
864,37.97,38.89,37.6,38.89,853800,2005-11-10 06:00:00
865,39.15,39.95,38.95,39.7,822900,2005-11-11 06:00:00
866,39.29,39.5,38.3,38.59,1802200,2005-11-14 06:00:00
867,38.59,38.65,37.53,37.81,1784200,2005-11-15 06:00:00
868,37.97,38.21,37.54,37.81,1026700,2005-11-16 06:00:00
869,38.08,39.09,37.81,39.0,1011700,2005-11-17 06:00:00
870,39.05,40.08,39.05,39.97,1659600,2005-11-18 06:00:00
871,40.13,41.18,40.07,41.15,1198500,2005-11-21 06:00:00
872,41.0,41.41,40.56,41.25,1255200,2005-11-22 06:00:00
873,41.3,41.7,40.93,41.4,1014800,2005-11-23 06:00:00
874,41.45,41.52,41.1,41.48,148100,2005-11-25 06:00:00
875,41.5,41.58,40.62,40.72,811700,2005-11-28 06:00:00
876,41.04,41.48,40.9,40.97,845400,2005-11-29 06:00:00
877,40.9,41.1,40.37,40.5,672300,2005-11-30 06:00:00
878,40.9,41.2,40.73,40.93,1178800,2005-12-01 06:00:00
879,40.61,40.63,39.52,39.9,1453700,2005-12-02 06:00:00
880,39.99,40.2,39.23,39.65,1042100,2005-12-05 06:00:00
881,39.99,41.0,39.78,39.81,810400,2005-12-06 06:00:00
882,39.9,40.0,38.63,38.85,1003800,2005-12-07 06:00:00
883,39.1,39.66,38.28,38.66,778400,2005-12-08 06:00:00
884,38.55,38.97,38.33,38.66,551500,2005-12-09 06:00:00
885,38.62,39.04,37.84,38.09,758000,2005-12-12 06:00:00
886,37.33,38.21,36.63,37.73,1364800,2005-12-13 06:00:00
887,37.73,37.93,36.9,37.02,1110700,2005-12-14 06:00:00
888,37.2,37.88,36.78,37.57,634200,2005-12-15 06:00:00
889,37.48,37.88,36.8,36.8,1576700,2005-12-16 06:00:00
890,36.81,37.13,36.16,36.22,802800,2005-12-19 06:00:00
891,36.21,36.48,35.94,35.97,516700,2005-12-20 06:00:00
892,36.23,37.4,36.05,37.05,1234300,2005-12-21 06:00:00
893,37.29,37.91,37.18,37.84,729700,2005-12-22 06:00:00
894,38.0,38.39,37.93,38.19,504400,2005-12-23 06:00:00
895,38.41,38.45,37.06,37.4,552000,2005-12-27 06:00:00
896,37.36,38.32,37.36,37.72,668400,2005-12-28 06:00:00
897,37.93,38.53,37.56,38.16,555400,2005-12-29 06:00:00
898,37.9,38.08,37.0,37.03,556400,2005-12-30 06:00:00
899,37.23,37.46,35.55,37.3,1354000,2006-01-03 06:00:00
900,37.5,38.56,37.29,38.06,789200,2006-01-04 06:00:00
901,37.96,38.27,37.31,38.21,635400,2006-01-05 06:00:00
902,38.18,38.78,37.65,38.08,669600,2006-01-06 06:00:00
903,36.74,37.5,36.5,37.32,987000,2006-01-09 06:00:00
904,37.09,37.13,36.51,36.91,873500,2006-01-10 06:00:00
905,36.85,37.15,36.37,36.58,663200,2006-01-11 06:00:00
906,36.36,36.87,36.15,36.48,383900,2006-01-12 06:00:00
907,36.55,37.1,36.43,36.54,462900,2006-01-13 06:00:00
908,36.55,36.55,35.66,36.33,863000,2006-01-17 06:00:00
909,36.34,37.32,35.8,36.98,936900,2006-01-18 06:00:00
910,36.83,37.99,36.8,37.96,985600,2006-01-19 06:00:00
911,37.73,38.29,36.7,36.83,1246700,2006-01-20 06:00:00
912,37.0,37.27,36.25,37.0,577300,2006-01-23 06:00:00
913,37.0,39.09,36.94,39.05,1028400,2006-01-24 06:00:00
914,39.21,39.47,38.76,38.85,849000,2006-01-25 06:00:00
915,39.33,40.4,39.0,40.39,1251900,2006-01-26 06:00:00
916,40.36,40.71,39.92,40.44,918700,2006-01-27 06:00:00
917,40.65,41.29,40.34,40.43,857300,2006-01-30 06:00:00
918,40.31,40.65,39.57,40.46,720000,2006-01-31 06:00:00
919,40.49,40.6,39.66,39.75,822700,2006-02-01 06:00:00
920,39.56,40.13,39.48,39.65,621000,2006-02-02 06:00:00
921,39.58,40.01,38.64,39.61,613700,2006-02-03 06:00:00
922,39.81,40.68,39.36,40.42,709800,2006-02-06 06:00:00
923,40.83,41.6,40.5,40.71,1273100,2006-02-07 06:00:00
924,42.17,42.3,40.0,42.01,1456400,2006-02-08 06:00:00
925,42.12,43.32,41.7,41.94,1381200,2006-02-09 06:00:00
926,41.9,42.06,40.88,41.96,882800,2006-02-10 06:00:00
927,42.08,42.11,41.39,41.62,562000,2006-02-13 06:00:00
928,41.6,42.88,40.86,42.68,1234100,2006-02-14 06:00:00
929,42.5,43.4,42.0,42.95,1215300,2006-02-15 06:00:00
930,42.96,43.29,42.22,42.83,1173600,2006-02-16 06:00:00
931,42.75,43.3,42.47,43.12,765900,2006-02-17 06:00:00
932,43.05,43.08,42.05,42.48,1040500,2006-02-21 06:00:00
933,42.75,44.11,42.45,44.02,1042200,2006-02-22 06:00:00
934,43.97,44.51,43.39,44.25,1123900,2006-02-23 06:00:00
935,44.14,44.5,43.83,44.26,640600,2006-02-24 06:00:00
936,44.5,45.87,44.25,45.35,1026600,2006-02-27 06:00:00
937,45.38,45.38,44.32,44.82,929800,2006-02-28 06:00:00
938,45.11,46.16,44.81,45.81,1190000,2006-03-01 06:00:00
939,45.78,46.07,45.24,45.5,819400,2006-03-02 06:00:00
940,45.55,46.36,44.9,45.27,686600,2006-03-03 06:00:00
941,45.27,45.34,44.35,44.89,723000,2006-03-06 06:00:00
942,44.7,44.9,44.25,44.55,511400,2006-03-07 06:00:00
943,44.12,44.48,43.13,44.08,1119400,2006-03-08 06:00:00
944,44.21,44.97,43.92,44.08,592500,2006-03-09 06:00:00
945,43.97,45.16,43.51,44.85,682200,2006-03-10 06:00:00
946,44.65,45.2,44.55,44.59,453000,2006-03-13 06:00:00
947,44.54,45.96,44.41,45.84,667600,2006-03-14 06:00:00
948,45.89,46.4,45.58,46.26,569900,2006-03-15 06:00:00
949,46.19,46.5,45.4,45.46,521700,2006-03-16 06:00:00
950,45.56,45.64,44.48,45.29,1152200,2006-03-17 06:00:00
951,45.24,46.06,45.01,45.73,585700,2006-03-20 06:00:00
952,45.68,46.4,45.14,45.83,973500,2006-03-21 06:00:00
953,45.67,47.75,45.51,47.3,1302600,2006-03-22 06:00:00
954,46.72,47.36,46.36,46.97,1058500,2006-03-23 06:00:00
955,47.15,47.56,46.89,47.03,987400,2006-03-24 06:00:00
956,47.15,49.43,47.0,49.37,1971500,2006-03-27 06:00:00
957,49.16,50.44,48.85,49.4,2298600,2006-03-28 06:00:00
958,49.67,50.09,49.14,49.6,999900,2006-03-29 06:00:00
959,49.77,50.07,49.05,49.47,741200,2006-03-30 06:00:00
960,49.47,49.5,48.56,49.09,1070800,2006-03-31 06:00:00
961,49.47,50.0,49.09,49.38,767400,2006-04-03 05:00:00
962,49.68,50.4,49.46,50.11,1235700,2006-04-04 05:00:00
963,49.96,51.65,49.62,51.44,933600,2006-04-05 05:00:00
964,51.47,52.3,50.89,52.16,1063300,2006-04-06 05:00:00
965,52.39,52.94,51.79,52.29,1089700,2006-04-07 05:00:00
966,52.43,52.5,51.83,52.28,1666800,2006-04-10 05:00:00
967,52.87,53.13,52.01,52.38,918200,2006-04-11 05:00:00
968,52.6,52.83,52.01,52.5,619200,2006-04-12 05:00:00
969,51.63,51.96,50.68,51.43,1280300,2006-04-13 05:00:00
970,50.23,50.64,47.91,49.09,2425800,2006-04-17 05:00:00
971,49.25,49.25,48.57,48.77,2574000,2006-04-18 05:00:00
972,48.75,49.39,48.57,49.39,1675700,2006-04-19 05:00:00
973,49.54,50.17,49.4,49.79,941100,2006-04-20 05:00:00
974,49.59,49.8,47.98,48.72,1504800,2006-04-21 05:00:00
975,49.8,50.0,48.11,48.68,1484900,2006-04-24 05:00:00
976,49.15,50.17,48.59,50.04,1421000,2006-04-25 05:00:00
977,49.03,49.75,45.79,45.89,2999900,2006-04-26 05:00:00
978,45.66,46.07,43.84,45.19,2638400,2006-04-27 05:00:00
979,45.24,45.31,43.95,44.35,1912100,2006-04-28 05:00:00
980,44.57,46.08,44.39,45.2,1313300,2006-05-01 05:00:00
981,45.36,46.5,44.78,46.3,1202500,2006-05-02 05:00:00
982,46.15,46.46,45.67,46.09,764800,2006-05-03 05:00:00
983,46.52,49.18,46.37,48.24,1775600,2006-05-04 05:00:00
984,48.9,48.98,48.18,48.66,1016700,2006-05-05 05:00:00
985,48.92,49.99,48.76,49.7,1263200,2006-05-08 05:00:00
986,49.75,49.75,49.1,49.61,1123400,2006-05-09 05:00:00
987,49.52,49.94,49.21,49.49,739000,2006-05-10 05:00:00
988,49.27,49.75,48.81,48.86,1232300,2006-05-11 05:00:00
989,48.96,48.96,47.1,47.2,1960000,2006-05-12 05:00:00
990,47.03,47.1,45.87,46.7,1225400,2006-05-15 05:00:00
991,46.18,46.54,45.69,46.45,1397000,2006-05-16 05:00:00
992,46.52,46.82,45.42,45.7,1111800,2006-05-17 05:00:00
993,45.7,45.85,44.5,44.57,993400,2006-05-18 05:00:00
994,44.61,45.11,43.47,44.07,1905200,2006-05-19 05:00:00
995,43.52,45.5,42.43,44.96,1813200,2006-05-22 05:00:00
996,45.5,46.29,44.75,44.83,1499300,2006-05-23 05:00:00
997,44.11,45.3,43.37,45.0,1554300,2006-05-24 05:00:00
998,45.05,45.59,44.73,45.2,588300,2006-05-25 05:00:00
999,45.31,45.44,44.57,45.15,602400,2006-05-26 05:00:00
1000,44.88,45.1,44.02,44.03,635400,2006-05-30 05:00:00
1001,44.02,44.43,43.43,44.04,1232900,2006-05-31 05:00:00
1002,44.15,45.89,44.15,45.65,1255500,2006-06-01 05:00:00
1003,46.11,46.58,45.69,45.99,684400,2006-06-02 05:00:00
1004,46.14,46.29,44.19,44.33,839900,2006-06-05 05:00:00
1005,44.32,44.47,42.15,43.41,1229700,2006-06-06 05:00:00
1006,44.75,45.5,43.96,43.97,1295800,2006-06-07 05:00:00
1007,43.6,43.74,42.58,43.35,1438100,2006-06-08 05:00:00
1008,43.6,44.59,43.07,43.59,741500,2006-06-09 05:00:00
1009,44.34,44.5,42.65,42.8,818400,2006-06-12 05:00:00
1010,42.52,43.77,42.06,43.09,1036100,2006-06-13 05:00:00
1011,43.0,43.32,42.54,43.21,762700,2006-06-14 05:00:00
1012,43.59,45.78,43.38,45.68,1492400,2006-06-15 05:00:00
1013,45.57,46.8,45.56,46.6,1955400,2006-06-16 05:00:00
1014,46.81,47.39,46.61,46.94,1470900,2006-06-19 05:00:00
1015,46.94,47.68,46.74,47.0,890200,2006-06-20 05:00:00
1016,47.32,49.95,46.87,49.22,1684400,2006-06-21 05:00:00
1017,48.83,48.87,47.2,47.93,1460700,2006-06-22 05:00:00
1018,47.6,49.35,47.51,48.76,802200,2006-06-23 05:00:00
1019,48.88,49.39,48.51,49.38,794900,2006-06-26 05:00:00
1020,49.5,49.94,48.12,48.28,895400,2006-06-27 05:00:00
1021,48.6,48.6,47.47,48.21,801700,2006-06-28 05:00:00
1022,48.6,51.94,48.6,51.94,1517000,2006-06-29 05:00:00
1023,52.0,53.56,51.94,53.3,1874600,2006-06-30 05:00:00
1024,53.62,55.18,53.61,54.79,784400,2006-07-03 05:00:00
1025,54.63,54.79,51.89,52.75,1479400,2006-07-05 05:00:00
1026,52.64,53.7,52.64,53.05,1062300,2006-07-06 05:00:00
1027,52.81,52.9,51.61,51.91,1075344,2006-07-07 05:00:00
1028,52.0,52.71,51.15,51.86,842780,2006-07-10 05:00:00
1029,51.93,51.97,50.69,51.72,1110462,2006-07-11 05:00:00
1030,51.51,52.0,50.6,50.82,756547,2006-07-12 05:00:00
1031,50.69,50.93,48.26,48.34,1506998,2006-07-13 05:00:00
1032,48.5,48.57,45.7,46.5,2224926,2006-07-14 05:00:00
1033,46.35,46.94,45.96,46.36,890068,2006-07-17 05:00:00
1034,46.4,46.83,45.7,46.65,822166,2006-07-18 05:00:00
1035,46.65,48.09,46.17,47.97,1012169,2006-07-19 05:00:00
1036,47.89,47.94,44.09,44.13,1180363,2006-07-20 05:00:00
1037,43.88,45.07,42.92,44.52,2184354,2006-07-21 05:00:00
1038,44.88,46.95,44.56,46.27,1167451,2006-07-24 05:00:00
1039,45.9,45.97,44.25,45.69,1481728,2006-07-25 05:00:00
1040,45.7,45.87,43.43,45.29,1598782,2006-07-26 05:00:00
1041,45.29,46.44,43.5,43.79,1512192,2006-07-27 05:00:00
1042,44.2,46.5,44.06,46.4,1249856,2006-07-28 05:00:00
1043,46.19,46.41,45.46,45.78,746406,2006-07-31 05:00:00
1044,44.45,44.62,43.09,44.57,1670732,2006-08-01 05:00:00
1045,44.56,45.95,44.21,45.57,1020522,2006-08-02 05:00:00
1046,45.4,48.3,44.8,47.76,1260076,2006-08-03 05:00:00
1047,48.42,49.5,46.76,47.01,1619227,2006-08-04 05:00:00
1048,46.78,47.14,45.79,46.46,692469,2006-08-07 05:00:00
1049,46.54,47.02,45.34,45.46,740470,2006-08-08 05:00:00
1050,46.03,46.49,43.55,43.64,1376115,2006-08-09 05:00:00
1051,43.55,46.46,43.5,46.05,1722398,2006-08-10 05:00:00
1052,46.16,46.16,44.58,44.81,661094,2006-08-11 05:00:00
1053,45.78,46.71,45.05,45.11,716698,2006-08-14 05:00:00
1054,46.0,47.17,45.6,47.06,786615,2006-08-15 05:00:00
1055,47.5,47.91,46.78,47.9,1268571,2006-08-16 05:00:00
1056,47.86,48.65,47.63,48.13,754348,2006-08-17 05:00:00
1057,48.28,48.28,46.96,47.92,881283,2006-08-18 05:00:00
1058,47.8,48.52,47.17,47.98,1019933,2006-08-21 05:00:00
1059,47.89,48.62,46.82,47.06,887810,2006-08-22 05:00:00
1060,46.91,47.69,45.4,45.53,1061024,2006-08-23 05:00:00
1061,45.92,46.4,45.01,45.72,932472,2006-08-24 05:00:00
1062,45.4,45.78,44.54,45.07,714801,2006-08-25 05:00:00
1063,45.01,47.25,45.01,46.84,1097337,2006-08-28 05:00:00
1064,46.72,46.82,45.15,46.7,895525,2006-08-29 05:00:00
1065,46.6,46.74,44.88,45.37,1331360,2006-08-30 05:00:00
1066,45.7,46.11,44.92,45.82,721100,2006-08-31 05:00:00
1067,46.15,46.71,45.64,46.04,419402,2006-09-01 05:00:00
1068,46.2,46.24,44.87,45.01,1515512,2006-09-05 05:00:00
1069,44.98,45.1,43.24,43.3,1603642,2006-09-06 05:00:00
1070,43.25,44.57,43.0,43.72,1335943,2006-09-07 05:00:00
1071,43.8,44.0,42.95,43.23,1397568,2006-09-08 05:00:00
1072,43.06,44.15,41.75,44.13,1893980,2006-09-11 05:00:00
1073,43.76,45.83,43.15,45.77,1209568,2006-09-12 05:00:00
1074,45.63,47.48,45.58,46.64,1267367,2006-09-13 05:00:00
1075,46.35,46.56,45.0,45.36,1009000,2006-09-14 05:00:00
1076,45.67,46.68,44.99,45.52,2740366,2006-09-15 05:00:00
1077,45.36,45.84,44.51,44.65,1126901,2006-09-18 05:00:00
1078,44.67,44.97,43.79,44.94,1399390,2006-09-19 05:00:00
1079,45.28,46.5,44.64,45.05,1084480,2006-09-20 05:00:00
1080,45.35,45.89,44.13,44.33,1066435,2006-09-21 05:00:00
1081,44.12,44.32,43.24,43.41,1075297,2006-09-22 05:00:00
1082,43.6,43.91,42.59,43.67,1184030,2006-09-25 05:00:00
1083,43.5,44.93,42.96,44.89,1146838,2006-09-26 05:00:00
1084,44.79,45.4,44.3,45.3,1000906,2006-09-27 05:00:00
1085,45.11,45.78,44.01,44.5,1771391,2006-09-28 05:00:00
1086,44.25,44.61,43.42,44.58,1445666,2006-09-29 05:00:00
1087,44.72,44.73,42.98,42.99,1424205,2006-10-02 05:00:00
1088,43.05,44.08,42.74,43.58,1259174,2006-10-03 05:00:00
1089,43.35,45.52,42.97,45.0,1475275,2006-10-04 05:00:00
1090,44.79,45.67,44.52,45.59,1343165,2006-10-05 05:00:00
1091,45.45,45.51,43.97,44.11,1119728,2006-10-06 05:00:00
1092,44.15,44.22,43.26,43.83,2184625,2006-10-09 05:00:00
1093,44.04,45.29,44.0,44.41,1509895,2006-10-10 05:00:00
1094,44.2,44.28,42.79,43.1,1557989,2006-10-11 05:00:00
1095,43.11,43.75,42.92,43.25,1256339,2006-10-12 05:00:00
1096,43.0,43.86,42.8,43.11,1201610,2006-10-13 05:00:00
1097,43.0,43.97,43.0,43.65,982343,2006-10-16 05:00:00
1098,43.06,43.25,41.66,41.81,2249300,2006-10-17 05:00:00
1099,42.17,42.63,39.93,40.7,2971300,2006-10-18 05:00:00
1100,40.29,43.23,39.88,43.14,2961224,2006-10-19 05:00:00
1101,43.29,43.86,43.17,43.46,2168853,2006-10-20 05:00:00
1102,42.94,43.75,42.12,42.72,2216639,2006-10-23 05:00:00
1103,42.42,42.84,42.11,42.56,1927000,2006-10-24 05:00:00
1104,44.25,45.46,43.0,43.87,3672452,2006-10-25 05:00:00
1105,43.2,44.33,43.0,43.72,1355440,2006-10-26 05:00:00
1106,43.32,43.46,42.74,42.76,1364233,2006-10-27 05:00:00
1107,42.89,43.2,42.21,42.96,1625378,2006-10-30 06:00:00
1108,43.01,43.23,41.5,41.74,2768987,2006-10-31 06:00:00
1109,42.2,42.4,41.36,41.48,2799716,2006-11-01 06:00:00
1110,41.24,41.88,40.6,41.26,2544163,2006-11-02 06:00:00
1111,41.6,41.9,41.07,41.21,1049448,2006-11-03 06:00:00
1112,41.7,42.83,41.69,42.02,1303443,2006-11-06 06:00:00
1113,41.69,42.95,41.53,42.21,1131964,2006-11-07 06:00:00
1114,41.46,42.18,41.38,41.81,959011,2006-11-08 06:00:00
1115,41.66,41.87,40.87,41.0,1032078,2006-11-09 06:00:00
1116,41.07,41.89,41.01,41.61,741111,2006-11-10 06:00:00
1117,41.36,42.66,41.36,42.66,1884670,2006-11-13 06:00:00
1118,42.38,42.6,41.62,42.45,1668166,2006-11-14 06:00:00
1119,42.32,43.15,42.25,42.9,910394,2006-11-15 06:00:00
1120,43.23,44.07,43.22,44.05,1630952,2006-11-16 06:00:00
1121,44.01,44.47,43.01,43.59,1478768,2006-11-17 06:00:00
1122,42.13,43.13,42.13,42.75,1765072,2006-11-20 06:00:00
1123,42.5,42.82,42.43,42.82,1487344,2006-11-21 06:00:00
1124,42.67,42.85,42.0,42.7,828719,2006-11-22 06:00:00
1125,42.22,42.95,42.22,42.62,271448,2006-11-24 06:00:00
1126,42.22,44.44,42.15,44.18,3098629,2006-11-27 06:00:00
1127,43.75,44.43,43.12,44.27,2059163,2006-11-28 06:00:00
1128,44.55,45.18,43.71,44.23,1646047,2006-11-29 06:00:00
1129,43.99,44.35,43.56,44.01,1169370,2006-11-30 06:00:00
1130,43.72,44.4,42.94,43.47,1841474,2006-12-01 06:00:00
1131,44.0,44.36,42.84,43.0,2917055,2006-12-04 06:00:00
1132,43.13,43.34,42.28,42.99,1509182,2006-12-05 06:00:00
1133,42.94,43.01,42.73,42.88,877068,2006-12-06 06:00:00
1134,42.93,43.17,42.22,42.47,1363309,2006-12-07 06:00:00
1135,42.32,42.86,41.93,42.08,1072738,2006-12-08 06:00:00
1136,42.05,43.0,41.83,42.53,1408104,2006-12-11 06:00:00
1137,42.22,42.65,42.0,42.64,1622571,2006-12-12 06:00:00
1138,42.89,42.89,41.94,42.2,1570070,2006-12-13 06:00:00
1139,42.38,43.71,42.26,43.37,1219398,2006-12-14 06:00:00
1140,43.46,44.01,42.91,42.97,1924473,2006-12-15 06:00:00
1141,43.01,43.3,41.41,41.55,2158352,2006-12-18 06:00:00
1142,41.35,41.4,40.41,41.0,1926114,2006-12-19 06:00:00
1143,40.9,41.27,40.42,41.03,1541177,2006-12-20 06:00:00
1144,41.02,41.51,40.35,40.7,1023623,2006-12-21 06:00:00
1145,40.53,40.8,39.44,39.44,1801961,2006-12-22 06:00:00
1146,39.6,40.53,39.6,40.51,1391782,2006-12-26 06:00:00
1147,40.8,41.33,40.48,40.78,768424,2006-12-27 06:00:00
1148,40.54,41.09,40.32,40.92,1048658,2006-12-28 06:00:00
1149,40.94,41.54,40.676,40.89,1084587,2006-12-29 06:00:00
1150,42.25,43.78,42.11,43.3,3418158,2007-01-03 06:00:00
1151,43.01,43.81,42.62,43.49,2722630,2007-01-04 06:00:00
1152,43.62,43.71,42.96,43.05,1441157,2007-01-05 06:00:00
1153,43.0,43.64,42.85,43.31,1522473,2007-01-08 06:00:00
1154,43.25,43.85,42.95,43.44,1913258,2007-01-09 06:00:00
1155,43.07,43.42,42.63,43.2,1668435,2007-01-10 06:00:00
1156,43.41,44.09,43.34,44.05,1281231,2007-01-11 06:00:00
1157,44.1,44.7,44.05,44.6,953277,2007-01-12 06:00:00
1158,44.51,45.28,43.95,44.41,1286019,2007-01-16 06:00:00
1159,44.23,44.89,44.1,44.18,1012347,2007-01-17 06:00:00
1160,44.38,45.19,44.06,44.07,1197925,2007-01-18 06:00:00
1161,43.99,44.75,43.91,44.53,937605,2007-01-19 06:00:00
1162,44.79,44.86,43.22,43.67,1789205,2007-01-22 06:00:00
1163,43.37,44.03,43.07,43.4977,1082790,2007-01-23 06:00:00
1164,43.56,44.22,43.42,43.82,966309,2007-01-24 06:00:00
1165,43.58,43.66,42.51,42.8897,1501670,2007-01-25 06:00:00
1166,42.95,43.16,42.53,42.94,1028838,2007-01-26 06:00:00
1167,42.59,43.54,42.53,43.07,1163994,2007-01-29 06:00:00
1168,42.96,43.77,42.96,43.76,1123805,2007-01-30 06:00:00
1169,47.3928,53.5,47.29,53.2,15359524,2007-01-31 06:00:00
1170,52.04,52.84,51.25,52.6,4677915,2007-02-01 06:00:00
1171,52.51,53.11,51.95,52.89,1329790,2007-02-02 06:00:00
1172,52.72,52.77,51.85,52.15,1305648,2007-02-05 06:00:00
1173,52.15,52.39,51.5,51.98,1226249,2007-02-06 06:00:00
1174,51.76,53.377,51.67,52.85,1872970,2007-02-07 06:00:00
1175,52.9,53.0,52.36,52.5,1090516,2007-02-08 06:00:00
1176,52.55,52.91,51.42,51.79,1194163,2007-02-09 06:00:00
1177,51.48,52.13,51.1,51.42,977832,2007-02-12 06:00:00
1178,50.72,51.74,50.2584,51.67,1538705,2007-02-13 06:00:00
1179,51.76,53.21,51.61,53.12,1322767,2007-02-14 06:00:00
1180,53.0,53.16,52.22,52.53,849266,2007-02-15 06:00:00
1181,52.65,53.24,52.37,52.71,677005,2007-02-16 06:00:00
1182,53.33,54.35,52.56,54.03,1332640,2007-02-20 06:00:00
1183,53.97,54.67,53.48,54.38,1235377,2007-02-21 06:00:00
1184,54.6,54.64,53.3301,53.99,710672,2007-02-22 06:00:00
1185,54.01,54.52,53.48,53.91,687943,2007-02-23 06:00:00
1186,53.98,54.16,51.89,52.4,1142947,2007-02-26 06:00:00
1187,53.02,53.17,51.37,51.65,3170063,2007-02-27 06:00:00
1188,51.52,51.71,50.79,50.96,2340618,2007-02-28 06:00:00
1189,50.2,51.61,49.25,50.97,24098650,2007-03-01 06:00:00
1190,50.65,51.57,49.97,49.97,2650785,2007-03-02 06:00:00
1191,49.9,50.58,48.75,49.97,1694185,2007-03-05 06:00:00
1192,50.27,50.5999,49.57,50.46,2144708,2007-03-06 06:00:00
1193,50.02,50.74,49.93,50.57,1828273,2007-03-07 06:00:00
1194,51.0,51.33,50.51,51.09,1408097,2007-03-08 06:00:00
1195,50.1,50.25,48.0,48.62,3401112,2007-03-09 06:00:00
1196,48.6,49.12,48.2,48.44,1300742,2007-03-12 05:00:00
1197,48.18,48.43,46.51,46.74,2391871,2007-03-13 05:00:00
1198,46.87,47.22,46.13,47.11,2388944,2007-03-14 05:00:00
1199,47.21,47.76,47.09,47.54,1410016,2007-03-15 05:00:00
1200,47.3,47.75,46.98,47.48,1954088,2007-03-16 05:00:00
1201,47.57,47.83,47.1,47.6,1384505,2007-03-19 05:00:00
1202,47.6,48.23,47.3,47.7,1122489,2007-03-20 05:00:00
1203,47.81,49.16,47.11,49.15,1425255,2007-03-21 05:00:00
1204,49.35,49.69,48.27,48.58,1457185,2007-03-22 05:00:00
1205,48.76,49.67,48.76,49.37,972433,2007-03-23 05:00:00
1206,49.55,49.55,48.15,48.96,937140,2007-03-26 05:00:00
1207,48.65,48.9,48.16,48.37,990006,2007-03-27 05:00:00
1208,48.05,48.44,47.31,47.66,1250010,2007-03-28 05:00:00
1209,47.57,47.83,46.85,47.58,1442367,2007-03-29 05:00:00
1210,47.49,48.4,47.23,48.05,1072085,2007-03-30 05:00:00
1211,48.0,48.0,47.39,47.5,1444144,2007-04-02 05:00:00
1212,47.65,49.24,47.61,49.12,1383895,2007-04-03 05:00:00
1213,49.24,49.34,48.56,49.0,998191,2007-04-04 05:00:00
1214,48.7,48.89,48.41,48.84,578593,2007-04-05 05:00:00
1215,49.0,49.67,48.71,48.75,945814,2007-04-09 05:00:00
1216,48.52,49.0,48.35,48.69,959877,2007-04-10 05:00:00
1217,48.56,48.92,47.8,47.85,1001010,2007-04-11 05:00:00
1218,47.87,49.12,47.39,49.1,1204722,2007-04-12 05:00:00
1219,49.2,49.87,49.11,49.83,864447,2007-04-13 05:00:00
1220,49.84,51.53,49.76,51.5,1353145,2007-04-16 05:00:00
1221,51.51,51.56,50.58,50.82,1066962,2007-04-17 05:00:00
1222,50.79,51.57,50.66,51.11,1302635,2007-04-18 05:00:00
1223,50.4,51.36,49.87,51.31,1018744,2007-04-19 05:00:00
1224,52.98,53.98,51.61,51.85,2015026,2007-04-20 05:00:00
1225,51.7,52.84,51.42,51.76,1484695,2007-04-23 05:00:00
1226,51.8,51.86,50.3,51.15,1424122,2007-04-24 05:00:00
1227,56.49,58.19,56.36,56.76,5327799,2007-04-25 05:00:00
1228,57.2,57.2,55.27,55.52,2238644,2007-04-26 05:00:00
1229,55.34,55.67,54.86,55.21,1643082,2007-04-27 05:00:00
1230,55.06,55.3,53.34,53.46,1366279,2007-04-30 05:00:00
1231,53.64,54.54,53.35,53.9,1540557,2007-05-01 05:00:00
1232,55.0,55.84,54.08,55.26,1468905,2007-05-02 05:00:00
1233,55.6,56.16,55.12,55.57,1033131,2007-05-03 05:00:00
1234,55.91,56.0,54.86,55.31,674653,2007-05-04 05:00:00
1235,55.94,56.36,55.31,55.75,878958,2007-05-07 05:00:00
1236,55.48,56.52,55.055,56.31,1201029,2007-05-08 05:00:00
1237,55.96,56.32,55.39,55.76,1206788,2007-05-09 05:00:00
1238,55.66,55.76,53.35,53.63,1162297,2007-05-10 05:00:00
1239,53.44,54.01,52.77,53.6,952676,2007-05-11 05:00:00
1240,53.58,54.12,52.51,53.13,815334,2007-05-14 05:00:00
1241,53.21,53.61,52.51,52.73,778294,2007-05-15 05:00:00
1242,53.06,53.41,52.35,53.1,947639,2007-05-16 05:00:00
1243,52.88,53.01,52.1,52.13,796774,2007-05-17 05:00:00
1244,52.25,52.75,51.8,52.36,1561835,2007-05-18 05:00:00
1245,52.3,52.66,51.85,52.46,884494,2007-05-21 05:00:00
1246,52.16,52.92,51.92,52.09,924100,2007-05-22 05:00:00
1247,52.29,53.07,52.12,52.15,1520147,2007-05-23 05:00:00
1248,52.31,52.81,50.6,51.0,1337430,2007-05-24 05:00:00
1249,51.07,51.58,50.94,51.09,633518,2007-05-25 05:00:00
1250,51.05,51.77,51.0,51.63,934971,2007-05-29 05:00:00
1251,51.55,52.42,51.18,52.42,1291825,2007-05-30 05:00:00
1252,52.44,54.36,52.44,54.18,2315606,2007-05-31 05:00:00
1253,54.16,54.98,53.88,54.28,1321893,2007-06-01 05:00:00
1254,54.22,54.25,53.3,53.65,1277005,2007-06-04 05:00:00
1255,53.65,53.746,52.3,52.64,1140514,2007-06-05 05:00:00
1256,52.49,52.73,51.0,51.73,1076043,2007-06-06 05:00:00
1257,51.8,52.22,51.22,51.3,1661214,2007-06-07 05:00:00
1258,51.4,52.46,50.84,52.4,1395702,2007-06-08 05:00:00
1259,52.23,52.98,51.64,52.67,1157267,2007-06-11 05:00:00
1260,52.26,52.83,51.48,51.5,1052782,2007-06-12 05:00:00
1261,51.54,53.05,51.24,53.02,1128664,2007-06-13 05:00:00
1262,53.03,54.34,52.73,54.08,1235383,2007-06-14 05:00:00
1263,54.7,55.02,54.13,54.76,2026483,2007-06-15 05:00:00
1264,54.14,54.43,53.1,53.33,1324520,2007-06-18 05:00:00
1265,53.33,53.81,52.9,53.56,741816,2007-06-19 05:00:00
1266,53.77,54.32,52.9,53.04,903937,2007-06-20 05:00:00
1267,53.0,54.0,52.82,53.99,874226,2007-06-21 05:00:00
1268,53.51,53.83,52.78,53.32,1424474,2007-06-22 05:00:00
1269,53.36,54.19,52.93,53.09,912359,2007-06-25 05:00:00
1270,53.56,53.57,52.73,53.1,1028087,2007-06-26 05:00:00
1271,52.64,53.45,52.13,53.26,897113,2007-06-27 05:00:00
1272,53.26,53.69,52.79,53.16,797391,2007-06-28 05:00:00
1273,53.17,53.38,52.31,52.52,1132530,2007-06-29 05:00:00
1274,52.76,53.31,52.3484,52.63,983783,2007-07-02 05:00:00
1275,52.78,53.25,52.21,53.25,550016,2007-07-03 05:00:00
1276,53.43,53.43,51.568,52.0,1566193,2007-07-05 05:00:00
1277,52.0,52.17,51.52,52.0,1260310,2007-07-06 05:00:00
1278,51.93,52.1,51.58,51.87,1889858,2007-07-09 05:00:00
1279,51.9,52.4,51.15,51.38,2402295,2007-07-10 05:00:00
1280,51.2,52.08,51.13,52.05,1735486,2007-07-11 05:00:00
1281,52.11,52.4,51.67,52.25,1629651,2007-07-12 05:00:00
1282,52.07,52.4,51.85,52.28,637721,2007-07-13 05:00:00
1283,52.42,54.19,52.36,53.27,1481143,2007-07-16 05:00:00
1284,53.35,53.72,52.74,53.55,1170329,2007-07-17 05:00:00
1285,53.5,54.33,53.12,53.72,1163551,2007-07-18 05:00:00
1286,53.91,54.66,53.68,54.53,981820,2007-07-19 05:00:00
1287,54.73,54.77,53.65,54.02,1565803,2007-07-20 05:00:00
1288,54.31,54.65,53.13,53.86,1193861,2007-07-23 05:00:00
1289,53.98,54.51,52.12,52.51,1386654,2007-07-24 05:00:00
1290,52.52,52.73,47.55,50.03,3764784,2007-07-25 05:00:00
1291,49.49,50.415,48.51,49.7,2879767,2007-07-26 05:00:00
1292,50.48,50.63,49.25,49.29,1483552,2007-07-27 05:00:00
1293,49.35,50.54,48.93,50.2,1536313,2007-07-30 05:00:00
1294,50.03,50.57,48.61,48.65,1742314,2007-07-31 05:00:00
1295,48.51,49.46,48.13,49.16,1661482,2007-08-01 05:00:00
1296,49.28,49.55,48.32,49.54,1377172,2007-08-02 05:00:00
1297,49.33,49.57,47.02,47.04,1729284,2007-08-03 05:00:00
1298,47.42,49.19,46.86,49.14,1814874,2007-08-06 05:00:00
1299,48.74,50.09,48.15,49.5,2166558,2007-08-07 05:00:00
1300,49.33,51.75,49.17,51.42,1868776,2007-08-08 05:00:00
1301,50.59,54.96,50.17,51.6,2144901,2007-08-09 05:00:00
1302,51.61,52.82,49.01,49.72,1910022,2007-08-10 05:00:00
1303,50.06,50.06,48.15,49.13,1238827,2007-08-13 05:00:00
1304,49.33,49.36,47.37,47.37,1096539,2007-08-14 05:00:00
1305,47.535,48.5,46.52,46.65,1011763,2007-08-15 05:00:00
1306,46.97,47.39,45.54,47.09,1470563,2007-08-16 05:00:00
1307,48.27,49.16,46.58,48.27,2182490,2007-08-17 05:00:00
1308,48.09,48.77,47.63,48.21,1092807,2007-08-20 05:00:00
1309,47.95,48.5,47.2,47.56,585702,2007-08-21 05:00:00
1310,47.73,49.3,47.56,49.18,818629,2007-08-22 05:00:00
1311,49.39,49.63,48.25,48.8,631937,2007-08-23 05:00:00
1312,48.77,49.61,48.6,49.59,482532,2007-08-24 05:00:00
1313,49.6,49.69,48.78,48.8,563503,2007-08-27 05:00:00
1314,48.66,49.19,47.57,47.59,995639,2007-08-28 05:00:00
1315,47.89,48.78,47.44,48.77,685750,2007-08-29 05:00:00
1316,48.6,49.03,47.89,48.36,565866,2007-08-30 05:00:00
1317,48.8,49.33,47.8,49.04,715503,2007-08-31 05:00:00
1318,49.12,50.67,48.41,50.1,910251,2007-09-04 05:00:00
1319,49.82,50.16,48.95,49.35,857225,2007-09-05 05:00:00
1320,49.7,50.23,49.2,50.13,960897,2007-09-06 05:00:00
1321,49.55,49.91,47.89,48.15,1013999,2007-09-07 05:00:00
1322,48.48,49.14,47.83,48.7,1371003,2007-09-10 05:00:00
1323,49.05,50.54,48.62,50.53,1255930,2007-09-11 05:00:00
1324,50.51,50.77,49.57,50.2,1156733,2007-09-12 05:00:00
1325,50.71,50.83,49.7,50.61,985768,2007-09-13 05:00:00
1326,50.14,51.89,50.11,51.75,948394,2007-09-14 05:00:00
1327,51.35,52.0,50.71,50.76,720931,2007-09-17 05:00:00
1328,51.01,53.29,50.57,53.19,1037691,2007-09-18 05:00:00
1329,53.44,54.12,52.37,54.0,1336590,2007-09-19 05:00:00
1330,53.58,53.8,52.55,53.09,1459526,2007-09-20 05:00:00
1331,53.49,54.18,52.91,53.95,2292950,2007-09-21 05:00:00
1332,53.81,54.88,53.12,53.97,1098480,2007-09-24 05:00:00
1333,53.64,55.3,53.63,55.3,1208610,2007-09-25 05:00:00
1334,55.3,55.5,54.48,55.14,1118212,2007-09-26 05:00:00
1335,55.53,55.53,54.62,55.32,671591,2007-09-27 05:00:00
1336,55.44,55.57,54.03,54.29,1627606,2007-09-28 05:00:00
1337,54.4,55.04,54.34,55.03,1133243,2007-10-01 05:00:00
1338,54.86,55.5,54.54,55.33,917866,2007-10-02 05:00:00
1339,55.17,55.33,53.33,53.66,1887735,2007-10-03 05:00:00
1340,53.69,53.97,52.66,53.08,1024550,2007-10-04 05:00:00
1341,53.36,55.13,53.27,54.25,1066146,2007-10-05 05:00:00
1342,54.06,54.36,52.93,53.09,889854,2007-10-08 05:00:00
1343,53.49,53.71,52.37,53.51,1263319,2007-10-09 05:00:00
1344,53.39,53.39,51.77,52.13,1203085,2007-10-10 05:00:00
1345,52.12,52.81,51.72,51.96,1030984,2007-10-11 05:00:00
1346,52.22,53.89,51.9,53.72,955931,2007-10-12 05:00:00
1347,53.56,53.99,52.96,53.44,989525,2007-10-15 05:00:00
1348,53.29,54.0,52.73,52.9,1002477,2007-10-16 05:00:00
1349,53.49,54.69,52.71,53.24,1165525,2007-10-17 05:00:00
1350,53.15,54.24,52.73,54.09,787806,2007-10-18 05:00:00
1351,54.01,54.48,51.72,51.76,1706645,2007-10-19 05:00:00
1352,51.75,53.67,51.36,53.08,1275241,2007-10-22 05:00:00
1353,53.01,53.48,51.67,51.84,1604189,2007-10-23 05:00:00
1354,51.7,52.1,49.07,51.16,1994773,2007-10-24 05:00:00
1355,51.17,51.81,50.13,50.99,1512956,2007-10-25 05:00:00
1356,51.62,51.72,49.34,50.54,1047113,2007-10-26 05:00:00
1357,50.53,50.94,49.16,49.4,1641885,2007-10-29 05:00:00
1358,49.18,50.11,48.98,49.08,1733672,2007-10-30 05:00:00
1359,49.2,49.92,48.44,49.92,1639781,2007-10-31 05:00:00
1360,49.13,49.91,47.34,47.48,1762596,2007-11-01 05:00:00
1361,47.96,48.29,47.07,47.44,1995342,2007-11-02 05:00:00
1362,47.33,47.72,46.35,47.33,1594859,2007-11-05 06:00:00
1363,47.15,47.62,46.68,47.36,1553269,2007-11-06 06:00:00
1364,47.06,47.22,46.4,46.4,3105846,2007-11-07 06:00:00
1365,46.4,47.62,46.31,47.49,3461799,2007-11-08 06:00:00
1366,46.07,47.68,46.0,46.0,2970023,2007-11-09 06:00:00
1367,45.92,46.39,45.01,45.17,2421046,2007-11-12 06:00:00
1368,45.5,46.59,45.17,46.4,1845735,2007-11-13 06:00:00
1369,46.15,46.8,46.0,46.52,1913770,2007-11-14 06:00:00
1370,46.45,47.25,46.45,46.77,1441614,2007-11-15 06:00:00
1371,46.7,47.2,46.08,46.62,2925746,2007-11-16 06:00:00
1372,46.33,46.42,45.64,45.85,2207065,2007-11-19 06:00:00
1373,45.85,46.51,45.02,45.91,1646589,2007-11-20 06:00:00
1374,45.53,47.05,45.24,46.4,2119312,2007-11-21 06:00:00
1375,46.54,46.94,46.02,46.89,582646,2007-11-23 06:00:00
1376,46.56,47.41,46.39,46.44,1905761,2007-11-26 06:00:00
1377,46.79,48.26,46.464,48.19,1818860,2007-11-27 06:00:00
1378,48.44,50.62,48.23,50.58,1591899,2007-11-28 06:00:00
1379,50.41,50.67,49.5,50.27,1043155,2007-11-29 06:00:00
1380,50.06,51.63,50.06,51.55,2831346,2007-11-30 06:00:00
1381,51.63,51.63,50.67,51.22,1743400,2007-12-03 06:00:00
1382,50.7,53.33,50.7,53.03,2458586,2007-12-04 06:00:00
1383,52.79,53.48,52.35,53.46,1608127,2007-12-05 06:00:00
1384,53.4,53.4,52.2,53.04,1544623,2007-12-06 06:00:00
1385,53.31,54.07,52.86,53.88,1394783,2007-12-07 06:00:00
1386,53.48,54.44,53.18,54.25,1073755,2007-12-10 06:00:00
1387,54.25,54.44,52.28,52.28,1349196,2007-12-11 06:00:00
1388,52.57,53.5,51.92,52.69,1662039,2007-12-12 06:00:00
1389,52.81,53.0,52.14,52.5,1259296,2007-12-13 06:00:00
1390,52.01,52.4,51.48,51.52,1319695,2007-12-14 06:00:00
1391,52.03,52.65,51.21,51.5,1402569,2007-12-17 06:00:00
1392,52.05,52.29,51.29,51.94,1247386,2007-12-18 06:00:00
1393,51.97,52.21,51.44,51.68,888627,2007-12-19 06:00:00
1394,52.24,52.97,51.31,52.95,1106767,2007-12-20 06:00:00
1395,53.32,54.36,52.97,54.0,2101320,2007-12-21 06:00:00
1396,54.25,54.4,53.89,54.1,417791,2007-12-24 06:00:00
1397,53.84,54.7,53.45,54.49,469087,2007-12-26 06:00:00
1398,54.45,54.5,53.76,53.77,933268,2007-12-27 06:00:00
1399,54.42,54.87,53.93,54.02,1002827,2007-12-28 06:00:00
1400,53.76,54.36,53.65,54.12,1037595,2007-12-31 06:00:00
1401,54.24,54.3499,51.58,51.88,2146420,2008-01-02 06:00:00
1402,51.79,52.46,51.67,51.95,1451372,2008-01-03 06:00:00
1403,51.7,51.9,49.85,49.97,1779318,2008-01-04 06:00:00
1404,50.51,51.33,49.5,50.62,2211811,2008-01-07 06:00:00
1405,50.56,50.79,47.21,47.36,2656472,2008-01-08 06:00:00
1406,47.45,48.46,47.01,48.09,2091418,2008-01-09 06:00:00
1407,47.59,49.19,47.18,48.43,1458828,2008-01-10 06:00:00
1408,48.1,48.53,47.17,47.45,1484979,2008-01-11 06:00:00
1409,47.98,48.685,47.56,48.36,1170307,2008-01-14 06:00:00
1410,47.9,48.8,47.63,47.83,1856826,2008-01-15 06:00:00
1411,47.82,49.66,47.52,49.0,1716867,2008-01-16 06:00:00
1412,48.84,49.69,47.29,47.37,2208554,2008-01-17 06:00:00
1413,47.01,49.88,47.0,48.56,2547515,2008-01-18 06:00:00
1414,46.91,48.11,46.42,47.42,2825708,2008-01-22 06:00:00
1415,46.45,51.48,46.4,51.01,3697057,2008-01-23 06:00:00
1416,50.94,51.1,49.14,49.74,2428883,2008-01-24 06:00:00
1417,49.7,50.82,49.25,49.62,1486249,2008-01-25 06:00:00
1418,49.51,50.5,49.31,50.3,1337659,2008-01-28 06:00:00
1419,50.16,51.48,50.16,50.81,2104494,2008-01-29 06:00:00
1420,51.5,55.39,51.48,54.12,4050275,2008-01-30 06:00:00
1421,53.38,55.88,53.22,55.54,3568144,2008-01-31 06:00:00
1422,54.86,56.5,54.71,56.27,2891419,2008-02-01 06:00:00
1423,56.47,56.56,54.72,54.85,2013831,2008-02-04 06:00:00
1424,54.01,55.86,53.85,54.75,2734108,2008-02-05 06:00:00
1425,55.77,55.78,54.07,54.14,1986786,2008-02-06 06:00:00
1426,54.01,55.73,53.77,55.6,2198178,2008-02-07 06:00:00
1427,55.32,55.56,53.77,54.06,2017718,2008-02-08 06:00:00
1428,54.0,54.69,53.33,54.44,1386128,2008-02-11 06:00:00
1429,54.94,55.33,54.02,54.64,2003943,2008-02-12 06:00:00
1430,55.06,55.87,54.25,55.0,1679460,2008-02-13 06:00:00
1431,54.78,54.91,53.93,54.03,1251566,2008-02-14 06:00:00
1432,53.77,54.15,53.29,53.83,1510516,2008-02-15 06:00:00
1433,54.5,54.91,53.29,53.89,1296319,2008-02-19 06:00:00
1434,53.7,54.73,53.52,54.29,1653965,2008-02-20 06:00:00
1435,54.78,54.78,52.5,52.65,2100978,2008-02-21 06:00:00
1436,52.91,52.96,51.12,52.46,1609027,2008-02-22 06:00:00
1437,52.55,53.13,51.69,53.02,1300389,2008-02-25 06:00:00
1438,52.77,53.85,52.59,53.51,1289216,2008-02-26 06:00:00
1439,53.52,54.29,53.15,53.85,1335686,2008-02-27 06:00:00
1440,53.44,53.57,52.56,52.95,1943365,2008-02-28 06:00:00
1441,52.15,52.23,50.72,50.77,1745714,2008-02-29 06:00:00
1442,50.78,51.71,50.59,51.4,1523554,2008-03-03 06:00:00
1443,51.0,51.99,50.54,51.64,1933590,2008-03-04 06:00:00
1444,51.65,53.17,51.44,52.8,1466900,2008-03-05 06:00:00
1445,52.79,53.48,52.02,52.08,1366797,2008-03-06 06:00:00
1446,51.79,53.19,51.27,51.99,1390890,2008-03-07 06:00:00
1447,52.0,52.33,49.67,49.86,2082458,2008-03-10 05:00:00
1448,50.11,52.68,50.11,52.68,1614446,2008-03-11 05:00:00
1449,52.63,53.84,52.5,52.8,1898493,2008-03-12 05:00:00
1450,52.23,54.39,51.71,53.67,1644196,2008-03-13 05:00:00
1451,54.15,54.17,51.88,52.66,1602146,2008-03-14 05:00:00
1452,53.52,54.25,51.45,51.53,3030464,2008-03-17 05:00:00
1453,52.4,54.51,52.0,54.5,2820968,2008-03-18 05:00:00
1454,54.76,55.0,53.2,53.2,2205347,2008-03-19 05:00:00
1455,54.16,55.04,53.02,55.02,3205978,2008-03-20 05:00:00
1456,54.99,58.13,54.92,57.85,2774810,2008-03-24 05:00:00
1457,56.71,57.45,55.4,57.03,2498406,2008-03-25 05:00:00
1458,56.91,57.21,55.42,56.24,1226428,2008-03-26 05:00:00
1459,55.98,56.36,55.0,55.06,1955384,2008-03-27 05:00:00
1460,55.56,55.95,54.45,54.59,1807449,2008-03-28 05:00:00
1461,54.58,54.58,53.57,54.4,2306489,2008-03-31 05:00:00
1462,55.25,57.27,54.43,57.24,2895379,2008-04-01 05:00:00
1463,57.2,58.97,57.2,58.62,2577621,2008-04-02 05:00:00
1464,58.4,58.6,56.9,57.44,2859424,2008-04-03 05:00:00
1465,57.9,59.43,57.35,58.95,2985296,2008-04-04 05:00:00
1466,58.4,60.74,58.4,59.83,2862323,2008-04-07 05:00:00
1467,59.53,59.99,58.3,58.67,1877645,2008-04-08 05:00:00
1468,58.52,59.46,57.75,57.96,2246761,2008-04-09 05:00:00
1469,58.1,58.1,57.01,57.75,2166879,2008-04-10 05:00:00
1470,57.95,58.21,57.05,57.39,1965447,2008-04-11 05:00:00
1471,57.27,58.06,57.04,57.58,1376476,2008-04-14 05:00:00
1472,57.73,58.256,57.05,58.25,1429066,2008-04-15 05:00:00
1473,58.42,59.95,58.25,59.83,1653967,2008-04-16 05:00:00
1474,59.7,59.73,57.86,58.56,1134998,2008-04-17 05:00:00
1475,60.02,60.24,59.17,60.21,1663189,2008-04-18 05:00:00
1476,59.91,60.09,58.66,59.24,1610699,2008-04-21 05:00:00
1477,59.1,59.94,57.92,59.36,2003992,2008-04-22 05:00:00
1478,61.31,62.8,61.04,62.33,4035977,2008-04-23 05:00:00
1479,62.4,63.43,60.839,63.13,2418016,2008-04-24 05:00:00
1480,62.99,62.99,61.62,62.32,1103278,2008-04-25 05:00:00
1481,61.7,63.12,61.7,62.47,1272735,2008-04-28 05:00:00
1482,62.34,63.13,61.96,62.67,1175212,2008-04-29 05:00:00
1483,62.97,64.31,62.51,62.68,1999045,2008-04-30 05:00:00
1484,63.14,65.73,62.77,65.61,2906457,2008-05-01 05:00:00
1485,66.15,66.96,64.84,65.46,1912127,2008-05-02 05:00:00
1486,65.5,66.25,64.84,65.75,1186447,2008-05-05 05:00:00
1487,66.24,67.36,65.06,67.27,1440259,2008-05-06 05:00:00
1488,67.02,67.24,63.73,63.79,2514080,2008-05-07 05:00:00
1489,64.36,64.81,63.43,64.34,1443036,2008-05-08 05:00:00
1490,63.6,64.3,63.28,63.92,1173249,2008-05-09 05:00:00
1491,63.93,64.97,63.3,64.92,1520386,2008-05-12 05:00:00
1492,65.0,65.09,64.146,65.08,1268816,2008-05-13 05:00:00
1493,65.21,66.6,64.8,65.69,1284220,2008-05-14 05:00:00
1494,65.36,65.81,64.64,65.47,1438519,2008-05-15 05:00:00
1495,65.73,65.73,63.66,64.15,2129984,2008-05-16 05:00:00
1496,64.74,67.35,64.64,65.57,1952775,2008-05-19 05:00:00
1497,65.17,66.25,64.49,64.82,971755,2008-05-20 05:00:00
1498,65.17,65.8,63.33,63.57,1406951,2008-05-21 05:00:00
1499,63.6,64.62,63.25,64.09,1203277,2008-05-22 05:00:00
1500,63.39,63.96,62.04,62.38,1791661,2008-05-23 05:00:00
1501,62.5,63.34,61.94,63.29,1818451,2008-05-27 05:00:00
1502,63.76,63.77,62.88,63.55,1736896,2008-05-28 05:00:00
1503,63.79,65.29,63.17,64.73,1219178,2008-05-29 05:00:00
1504,65.28,65.7,64.47,64.5,3195844,2008-05-30 05:00:00
1505,64.51,64.87,63.0,63.21,1567528,2008-06-02 05:00:00
1506,63.83,64.4,62.28,62.76,1529294,2008-06-03 05:00:00
1507,62.05,64.12,62.05,63.51,1099922,2008-06-04 05:00:00
1508,63.05,64.06,62.51,64.05,957100,2008-06-05 05:00:00
1509,63.4,63.85,61.05,61.07,1757401,2008-06-06 05:00:00
1510,61.03,61.84,60.21,61.31,1692127,2008-06-09 05:00:00
1511,60.98,62.14,60.58,61.58,1437440,2008-06-10 05:00:00
1512,61.17,61.22,58.68,58.82,2317508,2008-06-11 05:00:00
1513,59.54,60.44,58.59,59.27,1428761,2008-06-12 05:00:00
1514,59.99,60.66,59.01,60.15,1270610,2008-06-13 05:00:00
1515,59.26,60.44,59.03,59.94,1514374,2008-06-16 05:00:00
1516,59.43,60.19,59.35,59.51,980703,2008-06-17 05:00:00
1517,59.0,59.82,58.6601,59.06,1830183,2008-06-18 05:00:00
1518,59.19,61.59,58.94,61.3,2160437,2008-06-19 05:00:00
1519,60.68,60.84,58.69,58.88,2727094,2008-06-20 05:00:00
1520,59.38,59.6,57.47,57.52,2094519,2008-06-23 05:00:00
1521,57.4,57.66,56.05,56.97,3486828,2008-06-24 05:00:00
1522,57.03,57.85,56.31,57.38,2274085,2008-06-25 05:00:00
1523,56.33,56.92,55.8,55.88,1855331,2008-06-26 05:00:00
1524,56.34,56.53,54.41,55.26,3486375,2008-06-27 05:00:00
1525,55.07,55.98,54.31,54.84,2799737,2008-06-30 05:00:00
1526,54.21,55.17,52.52,54.35,2950481,2008-07-01 05:00:00
1527,54.75,54.75,52.24,52.51,2714963,2008-07-02 05:00:00
1528,52.77,52.99,51.77,52.37,1546692,2008-07-03 05:00:00
1529,52.91,54.23,52.76,53.26,2607561,2008-07-07 05:00:00
1530,53.38,55.71,52.98,55.7,2423448,2008-07-08 05:00:00
1531,55.59,56.74,54.68,55.36,2871902,2008-07-09 05:00:00
1532,55.58,56.09,54.09,55.24,1869693,2008-07-10 05:00:00
1533,54.72,55.56,53.83,54.65,1738570,2008-07-11 05:00:00
1534,55.55,55.55,54.03,54.62,1668058,2008-07-14 05:00:00
1535,54.02,54.81,52.84,53.79,3312942,2008-07-15 05:00:00
1536,53.8,57.03,53.17,56.9,2827608,2008-07-16 05:00:00
1537,55.66,56.89,55.01,55.84,2675616,2008-07-17 05:00:00
1538,55.5,57.3,55.02,57.1,2371166,2008-07-18 05:00:00
1539,56.89,57.37,56.55,56.92,2246473,2008-07-21 05:00:00
1540,57.28,58.79,56.27,58.75,2479512,2008-07-22 05:00:00
1541,51.538,51.63,49.16,49.56,8726905,2008-07-23 05:00:00
1542,49.25,49.51,47.21,48.02,4946313,2008-07-24 05:00:00
1543,48.57,49.87,48.03,49.81,3273909,2008-07-25 05:00:00
1544,49.36,49.56,47.56,47.84,3669513,2008-07-28 05:00:00
1545,48.32,49.54,47.935,49.48,2211500,2008-07-29 05:00:00
1546,49.38,49.84,47.9,48.58,1697709,2008-07-30 05:00:00
1547,48.08,49.6,48.01,48.2,2073615,2008-07-31 05:00:00
1548,48.89,49.13,46.92,47.8,2421738,2008-08-01 05:00:00
1549,47.82,48.22,46.9,47.99,2691345,2008-08-04 05:00:00
1550,48.47,51.2,48.22,51.09,3596797,2008-08-05 05:00:00
1551,50.85,51.2,50.02,50.47,2341414,2008-08-06 05:00:00
1552,50.4,50.8,49.65,50.21,1409403,2008-08-07 05:00:00
1553,50.26,52.13,50.18,51.98,1712149,2008-08-08 05:00:00
1554,51.82,52.3,50.88,51.57,1693754,2008-08-11 05:00:00
1555,51.49,51.56,50.38,51.5,1560963,2008-08-12 05:00:00
1556,51.19,51.87,50.47,51.55,1496407,2008-08-13 05:00:00
1557,51.01,52.68,50.94,52.52,1595602,2008-08-14 05:00:00
1558,52.73,52.73,51.57,51.88,1504710,2008-08-15 05:00:00
1559,52.28,52.49,51.32,51.49,1293119,2008-08-18 05:00:00
1560,51.46,52.1,50.51,50.79,1444768,2008-08-19 05:00:00
1561,51.49,51.58,49.97,50.24,1384781,2008-08-20 05:00:00
1562,50.35,50.35,49.32,49.82,987564,2008-08-21 05:00:00
1563,49.36,51.44,49.36,51.28,1029980,2008-08-22 05:00:00
1564,50.88,51.12,49.64,50.6,1138096,2008-08-25 05:00:00
1565,50.51,50.98,50.08,50.84,1865568,2008-08-26 05:00:00
1566,50.8,51.96,50.058,51.49,994121,2008-08-27 05:00:00
1567,51.65,53.29,51.5,53.01,1543961,2008-08-28 05:00:00
1568,52.41,53.06,51.79,52.11,1317564,2008-08-29 05:00:00
1569,53.5,54.25,51.84,52.04,1354116,2008-09-02 05:00:00
1570,52.01,52.44,51.28,51.65,1248658,2008-09-03 05:00:00
1571,51.26,51.88,50.16,50.4,1154780,2008-09-04 05:00:00
1572,50.19,50.87,49.01,49.85,1632393,2008-09-05 05:00:00
1573,50.18,51.05,49.84,50.5,1473061,2008-09-08 05:00:00
1574,50.96,51.98,50.3,50.85,2460153,2008-09-09 05:00:00
1575,51.61,53.72,50.66,52.98,2773892,2008-09-10 05:00:00
1576,52.67,55.4,52.19,55.26,2657951,2008-09-11 05:00:00
1577,54.99,55.96,53.88,55.53,1673997,2008-09-12 05:00:00
1578,54.56,55.97,53.88,54.62,2865128,2008-09-15 05:00:00
1579,55.92,56.07,53.6,55.11,3434973,2008-09-16 05:00:00
1580,53.53,54.65,52.11,52.34,3125465,2008-09-17 05:00:00
1581,54.0,56.68,52.25,56.01,3283505,2008-09-18 05:00:00
1582,57.49,57.55,53.51,56.29,2919915,2008-09-19 05:00:00
1583,55.97,56.2,53.09,53.37,1336069,2008-09-22 05:00:00
1584,53.66,54.44,52.76,52.8,1506494,2008-09-23 05:00:00
1585,52.8,53.64,52.15,52.92,1486773,2008-09-24 05:00:00
1586,53.65,54.27,52.12,52.69,1874532,2008-09-25 05:00:00
1587,52.01,52.93,51.5,52.19,1602549,2008-09-26 05:00:00
1588,51.21,51.93,48.65,48.7,2977804,2008-09-29 05:00:00
1589,48.43,50.9611,48.38,50.96,2553701,2008-09-30 05:00:00
1590,49.44,51.53,49.01,50.99,2065475,2008-10-01 05:00:00
1591,50.51,51.02,46.43,46.84,3183956,2008-10-02 05:00:00
1592,47.87,49.95,46.6,46.76,3117122,2008-10-03 05:00:00
1593,45.55,47.0,43.6,46.87,4100756,2008-10-06 05:00:00
1594,46.99,47.78,44.59,45.3,3426474,2008-10-07 05:00:00
1595,45.36,45.75,43.16,44.19,4188290,2008-10-08 05:00:00
1596,44.39,45.14,39.44,39.88,4901691,2008-10-09 05:00:00
1597,39.03,43.14,36.5,41.39,5578290,2008-10-10 05:00:00
1598,42.29,43.99,41.52,43.95,2772449,2008-10-13 05:00:00
1599,45.54,46.71,44.87,45.34,4955648,2008-10-14 05:00:00
1600,44.76,44.85,40.0,40.0,3893355,2008-10-15 05:00:00
1601,40.0,42.98,38.74,42.5,5051945,2008-10-16 05:00:00
1602,41.27,45.64,39.78,40.65,3535383,2008-10-17 05:00:00
1603,41.2,43.0,40.08,42.14,2579720,2008-10-20 05:00:00
1604,41.88,42.63,39.58,40.07,2829134,2008-10-21 05:00:00
1605,41.8475,46.47,41.5,43.89,6581973,2008-10-22 05:00:00
1606,44.12,46.02,43.5,45.15,4306622,2008-10-23 05:00:00
1607,42.16,45.66,42.0,44.16,2701390,2008-10-24 05:00:00
1608,43.03,47.04,42.96,44.75,3037453,2008-10-27 05:00:00
1609,46.07,48.8,44.6,48.64,3036543,2008-10-28 05:00:00
1610,49.1,51.55,47.5,48.64,2742874,2008-10-29 05:00:00
1611,49.83,51.67,49.16,50.84,2362064,2008-10-30 05:00:00
1612,50.73,53.5,49.84,51.78,2571355,2008-10-31 05:00:00
1613,51.87,53.72,51.87,53.58,3028667,2008-11-03 06:00:00
1614,55.06,55.7,54.48,55.65,2953347,2008-11-04 06:00:00
1615,55.08,55.83,51.83,52.09,2029384,2008-11-05 06:00:00
1616,51.38,53.09,50.33,50.54,1868950,2008-11-06 06:00:00
1617,51.4,52.02,50.14,51.76,1779070,2008-11-07 06:00:00
1618,52.96,53.3,52.11,52.35,1913245,2008-11-10 06:00:00
1619,52.42,53.47,50.5,52.45,1576139,2008-11-11 06:00:00
1620,51.4,52.31,50.67,50.87,1901023,2008-11-12 06:00:00
1621,50.72,53.83,47.91,53.64,2986673,2008-11-13 06:00:00
1622,52.4,53.46,50.45,50.78,2012839,2008-11-14 06:00:00
1623,50.61,53.4,50.27,51.4,2857453,2008-11-17 06:00:00
1624,51.23,53.38,50.49,51.38,3116006,2008-11-18 06:00:00
1625,51.46,51.95,47.19,47.25,3952773,2008-11-19 06:00:00
1626,47.04,47.5,43.86,44.01,4088220,2008-11-20 06:00:00
1627,44.89,48.19,43.56,48.14,3281566,2008-11-21 06:00:00
1628,49.17,51.13,48.02,50.3,3248481,2008-11-24 06:00:00
1629,51.0,51.12,48.72,49.71,2563683,2008-11-25 06:00:00
1630,48.92,51.33,48.34,51.32,2484859,2008-11-26 06:00:00
1631,50.53,51.306,49.65,51.08,1142394,2008-11-28 06:00:00
1632,48.63,50.18,45.743,45.75,3559285,2008-12-01 06:00:00
1633,46.36,47.6,45.23,46.8,2861923,2008-12-02 06:00:00
1634,46.56,49.3,46.09,49.25,2729162,2008-12-03 06:00:00
1635,48.25,49.05,46.52,47.04,2383704,2008-12-04 06:00:00
1636,46.56,48.39,44.35,48.39,2537152,2008-12-05 06:00:00
1637,48.06,51.64,48.01,50.76,3103544,2008-12-08 06:00:00
1638,49.47,51.21,48.84,50.18,2551286,2008-12-09 06:00:00
1639,50.5,52.43,50.48,51.2,2080582,2008-12-10 06:00:00
1640,50.79,51.91,48.53,48.81,2001279,2008-12-11 06:00:00
1641,48.1,50.15,47.68,49.16,2088859,2008-12-12 06:00:00
1642,49.54,49.91,48.13,48.67,1456768,2008-12-15 06:00:00
1643,49.93,51.7,48.76,51.4,2256263,2008-12-16 06:00:00
1644,49.38,52.99,49.38,51.75,1938986,2008-12-17 06:00:00
1645,51.81,52.95,50.16,50.7,1903738,2008-12-18 06:00:00
1646,51.33,52.6,50.7,51.78,2282479,2008-12-19 06:00:00
1647,51.73,52.49,50.72,51.74,1748898,2008-12-22 06:00:00
1648,52.13,52.28,50.79,51.47,1048472,2008-12-23 06:00:00
1649,51.44,52.0,50.97,51.54,459672,2008-12-24 06:00:00
1650,51.81,52.0,50.81,51.9,753388,2008-12-26 06:00:00
1651,51.3,51.52,50.36,50.86,729626,2008-12-29 06:00:00
1652,51.39,53.44,50.67,53.31,1954425,2008-12-30 06:00:00
1653,53.5,55.63,53.38,55.03,2671644,2008-12-31 06:00:00
1654,55.25,56.14,54.35,55.85,1876503,2009-01-02 06:00:00
1655,53.57,55.37,53.2,53.75,2709264,2009-01-05 06:00:00
1656,54.27,55.0,53.06,53.5,2417413,2009-01-06 06:00:00
1657,52.89,53.17,51.55,51.81,1770574,2009-01-07 06:00:00
1658,51.69,52.17,50.39,51.31,2338863,2009-01-08 06:00:00
1659,51.31,51.38,48.7,49.29,2308133,2009-01-09 06:00:00
1660,49.45,49.95,48.06,48.46,1921682,2009-01-12 06:00:00
1661,48.35,49.25,47.9,48.62,2343090,2009-01-13 06:00:00
1662,48.0,48.0,46.82,47.01,2451392,2009-01-14 06:00:00
1663,47.5699,49.21,46.45,48.78,2931305,2009-01-15 06:00:00
1664,48.72,49.22,46.26,47.24,2547061,2009-01-16 06:00:00
1665,45.59,46.97,44.92,44.93,3096952,2009-01-20 06:00:00
1666,44.86,46.219,43.95,46.06,3489779,2009-01-21 06:00:00
1667,45.69,45.78,44.2,45.13,2667905,2009-01-22 06:00:00
1668,44.0,44.4499,43.29,43.79,2764185,2009-01-23 06:00:00
1669,44.69,44.7,42.9,43.64,2321458,2009-01-26 06:00:00
1670,43.63,44.88,43.01,44.57,2508003,2009-01-27 06:00:00
1671,44.57,48.32,44.56,46.31,4364629,2009-01-28 06:00:00
1672,46.34,46.51,44.76,45.21,2310166,2009-01-29 06:00:00
1673,46.72,47.62,45.67,45.98,3550580,2009-01-30 06:00:00
1674,45.91,45.94,44.03,45.0,3198848,2009-02-02 06:00:00
1675,45.35,47.13,45.19,47.09,3203120,2009-02-03 06:00:00
1676,46.7,48.24,46.7,46.94,2601224,2009-02-04 06:00:00
1677,46.28,48.82,46.18,48.35,2500822,2009-02-05 06:00:00
1678,48.4,50.26,48.4,50.0,3031733,2009-02-06 06:00:00
1679,49.67,50.14,48.68,49.7,2270177,2009-02-09 06:00:00
1680,49.0,50.16,47.37,48.01,3078392,2009-02-10 06:00:00
1681,48.75,48.75,46.21,47.07,2947554,2009-02-11 06:00:00
1682,46.51,47.55,45.48,47.45,2662264,2009-02-12 06:00:00
1683,47.46,48.1697,46.89,47.3,1772097,2009-02-13 06:00:00
1684,45.09,45.95,44.15,45.33,2895888,2009-02-17 06:00:00
1685,45.48,45.68,44.17,45.04,2517574,2009-02-18 06:00:00
1686,45.01,46.27,44.71,44.94,1852197,2009-02-19 06:00:00
1687,44.58,45.16,43.71,44.72,2077077,2009-02-20 06:00:00
1688,44.79,45.33,42.54,42.64,2605765,2009-02-23 06:00:00
1689,40.45,43.26,40.3,43.15,4101886,2009-02-24 06:00:00
1690,42.73,43.62,41.3,41.77,3421059,2009-02-25 06:00:00
1691,42.48,42.48,40.5,40.73,3490750,2009-02-26 06:00:00
1692,41.33,42.11,40.11,41.38,2983972,2009-02-27 06:00:00
1693,40.67,40.93,39.57,39.69,4177665,2009-03-02 06:00:00
1694,39.85,40.99,39.16,39.18,3292677,2009-03-03 06:00:00
1695,39.86,40.4,38.68,40.08,3935979,2009-03-04 06:00:00
1696,39.46,39.66,37.69,38.39,3410741,2009-03-05 06:00:00
1697,38.57,39.446,37.36,38.06,3236916,2009-03-06 06:00:00
1698,37.74,39.15,37.5,38.05,3237425,2009-03-09 05:00:00
1699,38.69,40.5,38.01,40.46,3715043,2009-03-10 05:00:00
1700,40.51,41.07,39.91,40.73,3063493,2009-03-11 05:00:00
1701,40.71,42.59,40.26,42.49,2977088,2009-03-12 05:00:00
1702,42.55,42.89,41.94,42.72,2270074,2009-03-13 05:00:00
1703,42.9,44.96,42.7209,44.03,3722994,2009-03-16 05:00:00
1704,44.35,45.24,43.97,45.21,3709700,2009-03-17 05:00:00
1705,45.09,46.59,44.23,46.0,3339021,2009-03-18 05:00:00
1706,46.0,46.4,44.93,45.36,3135373,2009-03-19 05:00:00
1707,45.18,46.53,43.3,43.82,3974980,2009-03-20 05:00:00
1708,45.64,48.55,44.72,47.78,4757335,2009-03-23 05:00:00
1709,46.34,46.60001,45.11,45.19,4061170,2009-03-24 05:00:00
1710,45.04,45.92,43.16,44.49,3892124,2009-03-25 05:00:00
1711,45.02,47.74,44.57,47.74,4125711,2009-03-26 05:00:00
1712,46.3,47.2,45.96,46.3,1692661,2009-03-27 05:00:00
1713,45.76,46.15,44.04,44.68,1975696,2009-03-30 05:00:00
1714,45.26,46.32,44.12,45.61,2027013,2009-03-31 05:00:00
1715,45.05,45.57,44.19,45.35,2524912,2009-04-01 05:00:00
1716,45.97,49.28,45.62,48.09,3199766,2009-04-02 05:00:00
1717,48.81,48.81,47.41,48.32,1474890,2009-04-03 05:00:00
1718,48.0,48.0,46.34,47.36,1990893,2009-04-06 05:00:00
1719,46.65,46.86,44.89,45.1,2555712,2009-04-07 05:00:00
1720,45.43,46.04,44.8,46.03,1655192,2009-04-08 05:00:00
1721,46.66,48.84,46.66,48.25,2544350,2009-04-09 05:00:00
1722,47.4,47.79,46.35,47.0,1943900,2009-04-13 05:00:00
1723,46.87,47.91,46.36,47.56,1783425,2009-04-14 05:00:00
1724,47.5,48.45,47.45,48.35,1777942,2009-04-15 05:00:00
1725,48.5,49.81,47.74,49.56,2148498,2009-04-16 05:00:00
1726,49.58,50.0,48.54,49.71,2050079,2009-04-17 05:00:00
1727,49.51,49.51,47.65,48.01,2110628,2009-04-20 05:00:00
1728,48.18,49.22,47.65,49.09,2586753,2009-04-21 05:00:00
1729,51.07,54.22,50.89,52.71,5146001,2009-04-22 05:00:00
1730,52.0,53.49,51.71,53.27,2437472,2009-04-23 05:00:00
1731,53.62,54.0,52.9,53.35,1951630,2009-04-24 05:00:00
1732,52.83,52.835,51.62,51.68,2133811,2009-04-27 05:00:00
1733,51.11,52.57,50.86,51.98,1617724,2009-04-28 05:00:00
1734,52.11,53.53,52.11,52.99,1657741,2009-04-29 05:00:00
1735,53.16,54.54,52.28,53.16,1957774,2009-04-30 05:00:00
1736,52.95,53.48,52.1,52.81,1134545,2009-05-01 05:00:00
1737,53.03,54.99,52.81,54.77,1826679,2009-05-04 05:00:00
1738,54.38,54.95,53.65,54.87,1777822,2009-05-05 05:00:00
1739,54.88,55.25,53.71,55.07,1599950,2009-05-06 05:00:00
1740,55.15,55.25,52.79,53.37,2041073,2009-05-07 05:00:00
1741,54.345,54.38,52.11,52.51,2085002,2009-05-08 05:00:00
1742,51.94,52.58,50.56,52.22,1756837,2009-05-11 05:00:00
1743,52.61,53.226,51.1,51.95,2092170,2009-05-12 05:00:00
1744,51.35,51.62,49.98,50.26,1824026,2009-05-13 05:00:00
1745,51.0,51.53,50.18,50.82,1627116,2009-05-14 05:00:00
1746,50.62,52.1,50.25,50.73,2288655,2009-05-15 05:00:00
1747,50.86,52.02,50.56,52.02,1639050,2009-05-18 05:00:00
1748,51.67,52.34,51.44,51.54,1439676,2009-05-19 05:00:00
1749,51.54,52.56,50.69,50.88,2216982,2009-05-20 05:00:00
1750,51.09,51.09,48.22,48.75,2677731,2009-05-21 05:00:00
1751,48.93,49.4,48.22,48.59,1591205,2009-05-22 05:00:00
1752,47.9,50.95,47.8,50.95,2476837,2009-05-26 05:00:00
1753,50.58,53.48,49.15,49.23,2545087,2009-05-27 05:00:00
1754,50.08,50.34,49.0,50.08,2294689,2009-05-28 05:00:00
1755,50.68,51.42,49.97,50.82,4109227,2009-05-29 05:00:00
1756,51.65,53.5,51.43,52.98,2107082,2009-06-01 05:00:00
1757,52.56,54.43,52.56,53.52,1862838,2009-06-02 05:00:00
1758,53.09,53.404,52.12,52.56,1639048,2009-06-03 05:00:00
1759,52.53,52.53,51.62,52.19,1569364,2009-06-04 05:00:00
1760,53.02,53.105,51.83,52.5,1530142,2009-06-05 05:00:00
1761,51.95,53.38,51.64,52.9,1815110,2009-06-08 05:00:00
1762,53.0,54.02,52.87,53.8,1575414,2009-06-09 05:00:00
1763,54.15,54.2,52.8,53.89,1606065,2009-06-10 05:00:00
1764,53.62,54.38,53.2,53.82,1159413,2009-06-11 05:00:00
1765,53.46,53.58,51.65,52.42,1865180,2009-06-12 05:00:00
1766,52.0,52.18,50.52,51.06,1270384,2009-06-15 05:00:00
1767,51.45,51.78,49.66,49.76,1545007,2009-06-16 05:00:00
1768,49.8,50.09,49.1,49.74,1923703,2009-06-17 05:00:00
1769,49.74,50.58,49.05,50.18,988087,2009-06-18 05:00:00
1770,50.87,51.07,49.99,50.46,1609213,2009-06-19 05:00:00
1771,50.04,50.12,48.7394,49.4,2290910,2009-06-22 05:00:00
1772,49.4,50.34,49.18,49.73,1089221,2009-06-23 05:00:00
1773,50.04,51.45,49.85,50.17,1576304,2009-06-24 05:00:00
1774,49.9,52.13,49.69,51.99,1358661,2009-06-25 05:00:00
1775,51.65,52.1,51.19,51.86,1194902,2009-06-26 05:00:00
1776,51.86,53.15,51.14,52.63,1368309,2009-06-29 05:00:00
1777,52.59,53.0,51.64,52.15,1399707,2009-06-30 05:00:00
1778,52.62,53.21,52.23,52.71,1392142,2009-07-01 05:00:00
1779,52.45,52.62,50.8,50.8,1191563,2009-07-02 05:00:00
1780,50.88,51.62,50.5,51.55,1166976,2009-07-06 05:00:00
1781,51.32,51.38,49.93,50.09,1495426,2009-07-07 05:00:00
1782,50.3,50.38,49.06,50.1,1585613,2009-07-08 05:00:00
1783,50.22,50.54,49.67,50.17,947575,2009-07-09 05:00:00
1784,49.89,51.17,49.89,50.86,920732,2009-07-10 05:00:00
1785,50.47,50.77,49.39,50.58,2043974,2009-07-13 05:00:00
1786,50.65,51.26,50.2,51.17,1313524,2009-07-14 05:00:00
1787,51.67,51.97,50.79,51.12,2361067,2009-07-15 05:00:00
1788,50.34,52.86,50.34,52.54,1834853,2009-07-16 05:00:00
1789,52.79,52.79,51.8,52.6,1303439,2009-07-17 05:00:00
1790,52.59,53.21,52.17,53.05,1469459,2009-07-20 05:00:00
1791,53.34,53.43,51.69,52.41,2056624,2009-07-21 05:00:00
1792,53.69,55.0,53.03,53.33,3550621,2009-07-22 05:00:00
1793,53.29,54.85,52.71,54.59,1933512,2009-07-23 05:00:00
1794,54.15,54.3,53.31,53.97,1758287,2009-07-24 05:00:00
1795,52.35,53.83,52.06,53.83,2153279,2009-07-27 05:00:00
1796,53.26,53.82,53.01,53.65,1660088,2009-07-28 05:00:00
1797,53.35,53.85,52.87,53.32,1407330,2009-07-29 05:00:00
1798,54.11,54.89,53.67,54.43,1798404,2009-07-30 05:00:00
1799,54.49,55.0,53.93,54.53,1409505,2009-07-31 05:00:00
1800,54.52,54.95,54.01,54.79,1572639,2009-08-03 05:00:00
1801,54.43,54.9,54.05,54.54,1569086,2009-08-04 05:00:00
1802,54.55,54.56,53.0,53.54,1395199,2009-08-05 05:00:00
1803,53.48,53.48,52.82,53.0,1471365,2009-08-06 05:00:00
1804,53.82,54.98,53.54,54.77,1369634,2009-08-07 05:00:00
1805,54.45,54.76,53.71,54.37,1106620,2009-08-10 05:00:00
1806,54.15,54.95,53.78,54.66,1265325,2009-08-11 05:00:00
1807,54.61,56.02,54.06,55.52,1505959,2009-08-12 05:00:00
1808,55.92,56.14,55.13,55.48,1184101,2009-08-13 05:00:00
1809,55.27,55.51,54.19,54.77,1138738,2009-08-14 05:00:00
1810,54.26,54.7,53.33,53.78,1715872,2009-08-17 05:00:00
1811,53.91,55.06,53.91,54.88,1499636,2009-08-18 05:00:00
1812,54.07,55.76,54.07,55.6,1483692,2009-08-19 05:00:00
1813,55.49,55.93,55.0,55.73,1558147,2009-08-20 05:00:00
1814,56.39,57.8,55.26,57.57,2411261,2009-08-21 05:00:00
1815,57.5,58.0,57.0,57.47,1363160,2009-08-24 05:00:00
1816,57.74,58.3399,57.16,57.6,1302520,2009-08-25 05:00:00
1817,57.05,58.15,57.05,57.35,1293894,2009-08-26 05:00:00
1818,57.24,57.63,56.25,57.05,1190851,2009-08-27 05:00:00
1819,57.26,57.85,56.36,56.76,1129936,2009-08-28 05:00:00
1820,56.59,56.84,55.62,56.26,1130538,2009-08-31 05:00:00
1821,55.98,57.21,55.18,55.37,1284179,2009-09-01 05:00:00
1822,54.76,55.77,54.76,55.39,1069576,2009-09-02 05:00:00
1823,55.41,56.05,55.0,56.05,924364,2009-09-03 05:00:00
1824,56.07,57.11,55.82,57.09,1065820,2009-09-04 05:00:00
1825,57.23,57.58,56.68,56.93,917842,2009-09-08 05:00:00
1826,56.84,57.24,56.17,56.62,1438652,2009-09-09 05:00:00
1827,56.48,57.5,56.32,57.4,1322400,2009-09-10 05:00:00
1828,57.91,58.91,57.69,58.72,1856643,2009-09-11 05:00:00
1829,58.43,58.92,58.05,58.6,1131711,2009-09-14 05:00:00
1830,58.58,58.76,57.92,58.41,1239048,2009-09-15 05:00:00
1831,58.68,58.91,57.65,58.83,1479333,2009-09-16 05:00:00
1832,58.74,59.63,58.29,58.69,1273457,2009-09-17 05:00:00
1833,59.12,59.21,58.15,58.69,1453058,2009-09-18 05:00:00
1834,58.49,59.05,58.1,58.62,1236485,2009-09-21 05:00:00
1835,58.78,59.42,58.44,59.1,1038517,2009-09-22 05:00:00
1836,58.5,59.46,58.21,58.28,1271237,2009-09-23 05:00:00
1837,58.41,58.5,57.36,57.96,1306866,2009-09-24 05:00:00
1838,58.21,58.61,57.32,57.57,965187,2009-09-25 05:00:00
1839,58.02,58.73,57.84,58.27,656366,2009-09-28 05:00:00
1840,58.15,58.478,57.21,57.5,898787,2009-09-29 05:00:00
1841,57.74,58.39,56.29,57.75,1374929,2009-09-30 05:00:00
1842,57.64,58.08,56.14,56.14,1267415,2009-10-01 05:00:00
1843,56.18,56.66,55.77,56.27,1143803,2009-10-02 05:00:00
1844,56.35,57.65,56.01,57.65,1407986,2009-10-05 05:00:00
1845,57.35,58.41,57.35,57.66,1474995,2009-10-06 05:00:00
1846,56.75,57.86,56.31,57.51,1525933,2009-10-07 05:00:00
1847,58.0,58.25,57.45,57.78,1171472,2009-10-08 05:00:00
1848,57.24,58.48,57.24,58.41,1251875,2009-10-09 05:00:00
1849,58.5,59.06,58.31,58.77,770025,2009-10-12 05:00:00
1850,58.58,59.28,58.5,59.12,1166761,2009-10-13 05:00:00
1851,59.74,60.72,59.19,60.72,1619410,2009-10-14 05:00:00
1852,60.65,61.22,60.191,60.98,1613377,2009-10-15 05:00:00
1853,60.585,61.05,60.19,60.92,1621976,2009-10-16 05:00:00
1854,61.22,61.47,60.77,61.2,1510647,2009-10-19 05:00:00
1855,60.75,61.69,60.46,61.47,2079329,2009-10-20 05:00:00
1856,60.09,60.91,57.9,58.73,4667090,2009-10-21 05:00:00
1857,58.65,59.33,57.96,58.99,2434973,2009-10-22 05:00:00
1858,58.58,58.77,56.67,57.24,2624236,2009-10-23 05:00:00
1859,57.28,58.13,56.59,56.82,1325906,2009-10-26 05:00:00
1860,57.0,57.43,56.25,56.49,1564783,2009-10-27 05:00:00
1861,57.12,57.12,55.956,56.05,1094429,2009-10-28 05:00:00
1862,56.0,56.87,56.0,56.5,1594686,2009-10-29 05:00:00
1863,56.17,56.62,54.88,55.11,1703505,2009-10-30 05:00:00
1864,55.19,56.0,54.76,55.43,1547083,2009-11-02 06:00:00
1865,55.5,56.23,55.19,56.01,1632389,2009-11-03 06:00:00
1866,56.04,56.36,54.58,54.69,2090494,2009-11-04 06:00:00
1867,54.72,56.2,54.72,56.04,1568455,2009-11-05 06:00:00
1868,56.13,56.69,55.53,56.5,993792,2009-11-06 06:00:00
1869,57.18,57.65,56.7,57.36,1568942,2009-11-09 06:00:00
1870,56.4,57.47,56.35,57.24,1579139,2009-11-10 06:00:00
1871,57.31,58.23,57.19,58.15,1713579,2009-11-11 06:00:00
1872,58.02,58.29,57.43,57.69,1200329,2009-11-12 06:00:00
1873,57.67,57.7,57.0584,57.16,1217481,2009-11-13 06:00:00
1874,57.32,58.73,57.06,58.54,1212713,2009-11-16 06:00:00
1875,58.34,58.6,58.02,58.6,1032979,2009-11-17 06:00:00
1876,58.51,58.57,57.64,57.92,924273,2009-11-18 06:00:00
1877,57.69,57.69,56.85,57.35,1086425,2009-11-19 06:00:00
1878,56.91,57.54,56.89,57.2,1164886,2009-11-20 06:00:00
1879,57.68,58.17,56.96,57.1,1352207,2009-11-23 06:00:00
1880,57.12,57.16,55.93,56.59,1982881,2009-11-24 06:00:00
1881,56.035,56.69,56.035,56.42,1131396,2009-11-25 06:00:00
1882,55.2,56.32,54.99,55.83,975425,2009-11-27 06:00:00
1883,55.56,56.0,55.14,55.75,1718982,2009-11-30 06:00:00
1884,55.95,56.73,55.85,56.58,1990398,2009-12-01 06:00:00
1885,56.63,57.84,56.63,57.71,2020902,2009-12-02 06:00:00
1886,57.85,58.11,57.15,57.22,1183414,2009-12-03 06:00:00
1887,57.86,58.72,57.2,57.83,1153644,2009-12-04 06:00:00
1888,57.68,57.89,56.87,57.26,1222689,2009-12-07 06:00:00
1889,57.13,57.71,56.59,57.41,1244792,2009-12-08 06:00:00
1890,57.18,57.57,56.69,57.46,923313,2009-12-09 06:00:00
1891,57.5,57.94,57.38,57.69,864297,2009-12-10 06:00:00
1892,58.0,58.36,57.65,58.1,1065226,2009-12-11 06:00:00
1893,58.19,59.145,58.18,59.04,1240062,2009-12-14 06:00:00
1894,58.74,60.25,58.41,59.71,1940484,2009-12-15 06:00:00
1895,59.8,60.24,59.24,59.35,1186704,2009-12-16 06:00:00
1896,58.85,59.03,57.645,57.79,3059392,2009-12-17 06:00:00
1897,58.24,58.91,57.72,58.19,2019606,2009-12-18 06:00:00
1898,58.54,59.3,58.29,58.65,824284,2009-12-21 06:00:00
1899,58.71,58.87,58.37,58.69,732413,2009-12-22 06:00:00
1900,58.76,58.86,58.03,58.54,644018,2009-12-23 06:00:00
1901,58.73,58.94,58.19,58.8,241723,2009-12-24 06:00:00
1902,59.0,59.18,58.52,59.05,556163,2009-12-28 06:00:00
1903,59.22,59.62,58.95,59.51,857458,2009-12-29 06:00:00
1904,59.99,60.0,59.4,59.72,656264,2009-12-30 06:00:00
1905,59.61,59.63,58.73,58.73,811788,2009-12-31 06:00:00
1906,59.22,59.655,58.94,59.34,822857,2010-01-04 06:00:00
1907,59.18,59.49,57.39,58.11,2352622,2010-01-05 06:00:00
1908,57.82,57.99,57.2,57.34,1685531,2010-01-06 06:00:00
1909,57.08,57.14,56.18,56.79,1939503,2010-01-07 06:00:00
1910,56.7,57.62,56.6,57.55,1332420,2010-01-08 06:00:00
1911,57.5,57.91,57.22,57.72,1227260,2010-01-11 06:00:00
1912,57.47,57.64,56.79,56.99,1425661,2010-01-12 06:00:00
1913,57.0,57.465,56.34,57.32,1513222,2010-01-13 06:00:00
1914,57.02,57.88,57.02,57.62,818081,2010-01-14 06:00:00
1915,57.51,58.11,57.23,57.72,1592338,2010-01-15 06:00:00
1916,57.7,58.4674,57.64,58.13,1061127,2010-01-19 06:00:00
1917,57.53,57.85,56.89,57.78,1157698,2010-01-20 06:00:00
1918,57.69,58.37,56.98,57.63,1659137,2010-01-21 06:00:00
1919,57.71,58.15,57.24,57.35,1558067,2010-01-22 06:00:00
1920,57.49,57.845,56.79,57.46,1167221,2010-01-25 06:00:00
1921,57.19,57.59,56.94,57.1,1347094,2010-01-26 06:00:00
1922,56.83,57.6,56.62,57.46,881204,2010-01-27 06:00:00
1923,57.64,57.64,56.2,56.54,1173135,2010-01-28 06:00:00
1924,56.68,57.28,56.6267,56.63,1527762,2010-01-29 06:00:00
1925,56.84,57.65,56.6875,57.4,985156,2010-02-01 06:00:00
1926,57.24,57.54,56.68,57.42,1478244,2010-02-02 06:00:00
1927,52.84,54.375,51.5,53.54,8727251,2010-02-03 06:00:00
1928,53.31,53.95,52.67,53.25,3974254,2010-02-04 06:00:00
1929,53.16,54.08,51.16,52.44,2832916,2010-02-05 06:00:00
1930,52.65,52.97,52.01,52.08,2046242,2010-02-08 06:00:00
1931,52.64,53.68,52.11,52.67,2715155,2010-02-09 06:00:00
1932,52.0,52.51,51.31,51.84,1904200,2010-02-10 06:00:00
1933,51.63,53.3,51.4601,53.1,2533277,2010-02-11 06:00:00
1934,52.47,52.7,51.68,52.12,2414798,2010-02-12 06:00:00
1935,52.39,53.29,52.39,52.75,1510960,2010-02-16 06:00:00
1936,53.05,53.43,52.57,53.0,1345293,2010-02-17 06:00:00
1937,53.05,53.08,52.77,52.9,1031927,2010-02-18 06:00:00
1938,52.78,53.97,52.78,53.5,1768057,2010-02-19 06:00:00
1939,53.77,54.31,53.31,54.16,1625491,2010-02-22 06:00:00
1940,54.24,54.5,53.14,53.56,2653711,2010-02-23 06:00:00
1941,54.0,54.24,53.31,53.68,1822468,2010-02-24 06:00:00
1942,53.0,53.54,52.5,53.49,1614202,2010-02-25 06:00:00
1943,53.49,53.56,52.7,53.33,1701304,2010-02-26 06:00:00
1944,53.29,63.65,53.02,53.56,2163567,2010-03-01 06:00:00
1945,53.5,53.74,53.17,53.21,1598065,2010-03-02 06:00:00
1946,52.82,53.08,52.38,52.47,2205405,2010-03-03 06:00:00
1947,52.7,52.91,52.25,52.67,1609969,2010-03-04 06:00:00
1948,52.68,53.38,52.67,53.25,1621433,2010-03-05 06:00:00
1949,54.05,54.1,53.3,53.32,1488422,2010-03-08 06:00:00
1950,53.25,53.56,53.02,53.39,1060157,2010-03-09 06:00:00
1951,53.52,54.07,53.09,53.67,1695586,2010-03-10 06:00:00
1952,53.36,53.65,53.04,53.46,1975460,2010-03-11 06:00:00
1953,53.57,54.07,53.115,53.87,1710750,2010-03-12 06:00:00
1954,53.97,54.23,53.45,53.88,1651000,2010-03-15 05:00:00
1955,54.12,55.68,53.99,55.28,3479542,2010-03-16 05:00:00
1956,55.35,56.21,55.16,55.68,1992284,2010-03-17 05:00:00
1957,55.46,56.81,55.28,56.58,2114533,2010-03-18 05:00:00
1958,57.24,57.68,56.38,56.6,3059491,2010-03-19 05:00:00
1959,56.36,56.65,56.14,56.23,1451153,2010-03-22 05:00:00
1960,56.07,56.49,55.76,56.43,1303835,2010-03-23 05:00:00
1961,56.4,56.42,55.73,56.12,1293798,2010-03-24 05:00:00
1962,56.43,56.78,55.56,55.65,1779859,2010-03-25 05:00:00
1963,55.64,55.97,55.25,55.56,1545575,2010-03-26 05:00:00
1964,55.71,56.77,55.71,56.09,1279462,2010-03-29 05:00:00
1965,56.01,56.45,55.8,56.22,1372800,2010-03-30 05:00:00
1966,55.83,56.12,55.64,55.85,1376365,2010-03-31 05:00:00
1967,55.98,56.23,55.17,55.68,1178772,2010-04-01 05:00:00
1968,55.98,56.16,55.44,55.66,1094788,2010-04-05 05:00:00
1969,55.24,55.68,54.995,55.28,1574400,2010-04-06 05:00:00
1970,55.43,55.67,54.97,55.15,2051284,2010-04-07 05:00:00
1971,55.18,55.72,54.78,55.6,1837687,2010-04-08 05:00:00
1972,55.75,56.69,55.71,56.45,2885201,2010-04-09 05:00:00
1973,57.6,57.6,56.44,56.44,3151562,2010-04-12 05:00:00
1974,56.28,56.73,55.91,56.59,1647889,2010-04-13 05:00:00
1975,56.5,57.81,56.49,57.74,1987439,2010-04-14 05:00:00
1976,58.01,59.76,57.86,58.93,3466438,2010-04-15 05:00:00
1977,58.85,58.95,57.84,58.38,2157232,2010-04-16 05:00:00
1978,58.06,58.86,58.06,58.63,1601298,2010-04-19 05:00:00
1979,58.92,59.31,58.48,58.9,1485229,2010-04-20 05:00:00
1980,57.0,61.27,56.99,60.0,5813797,2010-04-21 05:00:00
1981,60.11,62.15,59.51,61.462,4289676,2010-04-22 05:00:00
1982,61.57,61.74,60.96,61.58,2183708,2010-04-23 05:00:00
1983,61.5,61.71,61.03,61.15,1454582,2010-04-26 05:00:00
1984,61.07,61.47,60.07,60.27,2987287,2010-04-27 05:00:00
1985,61.0,61.03,60.33,60.56,1778065,2010-04-28 05:00:00
1986,60.87,61.46,60.81,61.15,1554153,2010-04-29 05:00:00
1987,60.91,61.62,60.3,60.32,1720764,2010-04-30 05:00:00
1988,60.44,61.89,60.22,61.77,1788416,2010-05-03 05:00:00
1989,61.44,61.48,60.12,60.7,1978163,2010-05-04 05:00:00
1990,60.6,61.52,60.31,60.71,2088835,2010-05-05 05:00:00
1991,60.745,61.24,57.25,59.16,2988004,2010-05-06 05:00:00
1992,59.15,59.42,57.6,57.83,3390316,2010-05-07 05:00:00
1993,59.27,60.68,59.0,60.68,2630628,2010-05-10 05:00:00
1994,59.97,61.34,59.97,60.68,1817441,2010-05-11 05:00:00
1995,60.68,61.5,60.49,61.22,1349953,2010-05-12 05:00:00
1996,60.66,61.37,60.56,60.6,1662178,2010-05-13 05:00:00
1997,59.98,60.25,59.07,59.61,1955813,2010-05-14 05:00:00
1998,59.87,60.35,58.62,59.76,1547798,2010-05-17 05:00:00
1999,60.1,60.62,59.0,59.22,1087888,2010-05-18 05:00:00
2000,59.0,59.71,58.28,59.34,1890069,2010-05-19 05:00:00
2001,58.35,58.79,56.96,57.03,2573118,2010-05-20 05:00:00
2002,56.3,58.24,56.26,58.18,2885267,2010-05-21 05:00:00
2003,57.92,58.38,57.31,57.33,1135006,2010-05-24 05:00:00
2004,56.56,57.49,55.61,57.4,1749946,2010-05-25 05:00:00
2005,57.41,58.31,57.18,57.36,1452642,2010-05-26 05:00:00
2006,58.17,58.73,57.78,58.7,1270903,2010-05-27 05:00:00
2007,58.7,58.73,57.48,58.11,1363456,2010-05-28 05:00:00
2008,57.85,58.36,57.01,57.08,1169277,2010-06-01 05:00:00
2009,56.5,58.12,56.5,58.12,1325208,2010-06-02 05:00:00
2010,58.33,58.72,57.41,58.04,1445747,2010-06-03 05:00:00
2011,57.17,57.23,55.67,55.895,1850713,2010-06-04 05:00:00
2012,55.93,56.18,54.65,54.74,2186813,2010-06-07 05:00:00
2013,54.7,55.09,53.89,54.88,1777141,2010-06-08 05:00:00
2014,54.91,56.25,54.86,55.03,1708765,2010-06-09 05:00:00
2015,56.75,57.7,56.49,57.44,2152696,2010-06-10 05:00:00
2016,56.75,58.25,56.47,58.21,1275190,2010-06-11 05:00:00
2017,58.52,59.27,58.36,58.7,1517514,2010-06-14 05:00:00
2018,58.73,59.42,58.54,59.32,1496090,2010-06-15 05:00:00
2019,59.09,59.6,58.81,59.28,1350544,2010-06-16 05:00:00
2020,59.6,59.64,58.47,59.34,901208,2010-06-17 05:00:00
2021,59.44,59.53,58.87,59.06,1470177,2010-06-18 05:00:00
2022,59.56,59.75,58.68,59.11,1172138,2010-06-21 05:00:00
2023,59.25,59.38,57.3805,57.59,1150355,2010-06-22 05:00:00
2024,57.58,57.96,57.0,57.46,791578,2010-06-23 05:00:00
2025,57.14,57.88,56.82,56.99,1035744,2010-06-24 05:00:00
2026,57.08,57.35,56.61,57.23,1735656,2010-06-25 05:00:00
2027,57.45,57.62,56.63,56.9,707152,2010-06-28 05:00:00
2028,56.48,56.63,55.52,55.94,1821979,2010-06-29 05:00:00
2029,55.85,56.94,55.47,55.66,1530833,2010-06-30 05:00:00
2030,55.57,56.27,54.52,55.72,1849404,2010-07-01 05:00:00
2031,55.74,55.98,54.5,55.05,1178755,2010-07-02 05:00:00
2032,55.68,56.02,55.09,55.64,1811397,2010-07-06 05:00:00
2033,55.64,56.62,55.3,56.4,1667499,2010-07-07 05:00:00
2034,56.55,57.05,56.31,56.79,1015513,2010-07-08 05:00:00
2035,56.78,57.35,56.68,57.06,870213,2010-07-09 05:00:00
2036,56.79,57.61,56.59,56.96,758045,2010-07-12 05:00:00
2037,57.7,58.2,57.41,58.01,1174048,2010-07-13 05:00:00
2038,58.25,59.14,58.19,58.75,1519820,2010-07-14 05:00:00
2039,58.65,58.92,57.71,58.58,1062038,2010-07-15 05:00:00
2040,58.51,58.64,57.36,57.45,1313386,2010-07-16 05:00:00
2041,57.55,58.46,57.2,58.25,1420297,2010-07-19 05:00:00
2042,57.52,58.71,57.01,58.65,1178437,2010-07-20 05:00:00
2043,58.69,58.87,57.23,57.61,1273390,2010-07-21 05:00:00
2044,58.19,59.5,58.19,59.4,2351223,2010-07-22 05:00:00
2045,59.29,60.99,58.69,60.88,2294737,2010-07-23 05:00:00
2046,61.05,62.42,61.0,62.1,2236868,2010-07-26 05:00:00
2047,62.17,62.46,61.05,61.2,2145870,2010-07-27 05:00:00
2048,63.95,65.45,63.54,64.87,8449653,2010-07-28 05:00:00
2049,65.15,65.44,63.99,64.63,2441476,2010-07-29 05:00:00
2050,64.1,65.53,63.8,65.2,1668416,2010-07-30 05:00:00
2051,65.35,66.28,65.02,66.22,1547158,2010-08-02 05:00:00
2052,66.07,66.67,65.42,66.43,1445595,2010-08-03 05:00:00
2053,66.56,67.37,66.29,67.22,1437879,2010-08-04 05:00:00
2054,67.1,67.53,66.65,67.35,1290696,2010-08-05 05:00:00
2055,66.59,67.59,66.31,66.89,1757226,2010-08-06 05:00:00
2056,67.37,68.0,67.23,67.77,1147924,2010-08-09 05:00:00
2057,67.0,67.4601,65.72,66.2,2405505,2010-08-10 05:00:00
2058,65.44,65.54,64.21,64.98,2375834,2010-08-11 05:00:00
2059,64.32,65.19,64.071,64.89,1492430,2010-08-12 05:00:00
2060,64.54,64.98,64.3,64.6,1390694,2010-08-13 05:00:00
2061,64.31,65.18,63.82,64.86,1129579,2010-08-16 05:00:00
2062,65.47,66.81,65.09,66.29,1771243,2010-08-17 05:00:00
2063,65.56,66.5,65.19,65.98,1202500,2010-08-18 05:00:00
2064,65.65,65.7,64.24,65.19,2000984,2010-08-19 05:00:00
2065,65.09,66.36,64.62,66.16,1917346,2010-08-20 05:00:00
2066,66.64,67.3,65.83,65.86,1398690,2010-08-23 05:00:00
2067,65.42,65.68,64.63,65.14,1932171,2010-08-24 05:00:00
2068,64.84,65.42,64.68,65.12,1914738,2010-08-25 05:00:00
2069,65.46,66.05,64.89,64.91,1615653,2010-08-26 05:00:00
2070,65.27,66.405,64.61,65.92,1415126,2010-08-27 05:00:00
2071,65.61,65.97,64.87,64.9,1082702,2010-08-30 05:00:00
2072,64.51,65.46,64.39,64.99,2367190,2010-08-31 05:00:00
2073,65.7,66.77,65.21,66.37,2064836,2010-09-01 05:00:00
2074,66.63,67.31,66.6,67.23,973892,2010-09-02 05:00:00
2075,67.94,68.21,67.31,67.56,1323635,2010-09-03 05:00:00
2076,67.45,67.68,66.79,67.06,1132632,2010-09-07 05:00:00
2077,67.29,68.4199,67.19,67.67,1276666,2010-09-08 05:00:00
2078,68.12,68.34,67.47,67.69,1121585,2010-09-09 05:00:00
2079,67.92,68.05,67.32,67.5,1065146,2010-09-10 05:00:00
2080,68.06,68.39,67.49,68.0,1550021,2010-09-13 05:00:00
2081,67.71,68.41,67.39,68.0,2081051,2010-09-14 05:00:00
2082,67.85,68.38,67.44,68.21,864145,2010-09-15 05:00:00
2083,67.86,68.1,67.51,67.84,940639,2010-09-16 05:00:00
2084,68.24,68.59,67.86,68.45,1536801,2010-09-17 05:00:00
2085,68.79,69.58,68.66,68.79,1153139,2010-09-20 05:00:00
2086,68.94,69.49,68.69,68.84,1298020,2010-09-21 05:00:00
2087,68.85,69.39,67.73,68.08,1556266,2010-09-22 05:00:00
2088,67.6,68.14,66.76,67.11,1262764,2010-09-23 05:00:00
2089,67.82,68.91,67.78,68.6,1499141,2010-09-24 05:00:00
2090,68.6,69.07,68.275,68.69,1022623,2010-09-27 05:00:00
2091,68.94,69.93,68.41,69.41,1845999,2010-09-28 05:00:00
2092,69.14,69.59,68.56,69.57,1467844,2010-09-29 05:00:00
2093,69.78,70.87,69.42,69.92,2352109,2010-09-30 05:00:00
2094,70.41,70.58,69.14,69.64,1964061,2010-10-01 05:00:00
2095,69.75,69.87,68.74,69.54,1530759,2010-10-04 05:00:00
2096,69.95,72.34,69.95,70.89,4105630,2010-10-05 05:00:00
2097,71.05,71.82,70.99,71.1,1919200,2010-10-06 05:00:00
2098,71.16,71.31,70.53,71.1,1475289,2010-10-07 05:00:00
2099,71.22,71.89,70.55,71.21,1696726,2010-10-08 05:00:00
2100,71.04,71.59,70.55,71.12,1159821,2010-10-11 05:00:00
2101,71.1,71.25,70.21,70.63,1232875,2010-10-12 05:00:00
2102,70.73,72.0,70.7,71.5,1427075,2010-10-13 05:00:00
2103,70.86,72.39,70.86,72.06,2683857,2010-10-14 05:00:00
2104,72.62,72.99,72.19,72.24,2495006,2010-10-15 05:00:00
2105,72.13,72.13,71.44,71.76,1089302,2010-10-18 05:00:00
2106,71.29,72.24,70.96,71.7,2103321,2010-10-19 05:00:00
2107,71.9,72.83,71.8,72.36,1216572,2010-10-20 05:00:00
2108,72.7,72.72,71.74,72.4,1049331,2010-10-21 05:00:00
2109,72.53,72.55,71.85,72.52,685793,2010-10-22 05:00:00
2110,72.72,73.32,72.62,72.78,1325766,2010-10-25 05:00:00
2111,72.44,73.13,71.83,71.98,1699224,2010-10-26 05:00:00
2112,69.58,71.71,69.15,71.49,1570518,2010-10-27 05:00:00
2113,71.05,71.33,69.87,70.18,1899393,2010-10-28 05:00:00
2114,70.05,70.87,69.95,70.48,1205762,2010-10-29 05:00:00
2115,70.57,71.39,70.29,70.49,973053,2010-11-01 05:00:00
2116,71.04,71.35,70.68,71.09,693422,2010-11-02 05:00:00
2117,71.05,71.2375,69.71,70.54,1369267,2010-11-03 05:00:00
2118,71.18,72.39,70.92,72.25,1509317,2010-11-04 05:00:00
2119,72.3,72.46,71.41,71.79,944450,2010-11-05 05:00:00
2120,71.37,72.31,71.32,72.17,751578,2010-11-08 06:00:00
2121,72.17,72.3199,70.86,71.19,781455,2010-11-09 06:00:00
2122,71.37,71.55,70.41,70.69,1152996,2010-11-10 06:00:00
2123,70.31,71.89,70.25,71.8,1137646,2010-11-11 06:00:00
2124,71.33,71.7,70.72,71.2,834500,2010-11-12 06:00:00
2125,71.61,72.08,71.24,71.4,698005,2010-11-15 06:00:00
2126,71.06,71.24,70.16,70.82,1110053,2010-11-16 06:00:00
2127,70.69,71.249,70.29,71.08,1130355,2010-11-17 06:00:00
2128,71.59,72.92,71.32,72.25,1185269,2010-11-18 06:00:00
2129,72.3,72.85,72.07,72.85,1095739,2010-11-19 06:00:00
2130,72.44,73.23,72.08,72.88,727210,2010-11-22 06:00:00
2131,72.27,72.4,71.7,72.33,656008,2010-11-23 06:00:00
2132,72.81,74.58,72.7,74.22,1240511,2010-11-24 06:00:00
2133,73.86,74.38,73.7,74.11,323220,2010-11-26 06:00:00
2134,73.95,74.07,72.94,73.52,1544754,2010-11-29 06:00:00
2135,72.95,74.165,72.87,73.71,2224214,2010-11-30 06:00:00
2136,74.53,75.5,74.27,75.06,1414510,2010-12-01 06:00:00
2137,75.05,75.82,74.85,75.81,1385329,2010-12-02 06:00:00
2138,75.65,76.42,75.46,76.35,751788,2010-12-03 06:00:00
2139,76.32,76.48,75.75,75.94,1398579,2010-12-06 06:00:00
2140,76.46,76.75,76.05,76.43,1192138,2010-12-07 06:00:00
2141,76.44,77.18,76.18,77.15,1110407,2010-12-08 06:00:00
2142,77.33,78.06,77.08,77.76,1288380,2010-12-09 06:00:00
2143,77.95,78.21,77.24,78.12,1058368,2010-12-10 06:00:00
2144,78.36,78.49,77.71,78.07,897023,2010-12-13 06:00:00
2145,78.34,78.71,78.02,78.46,736232,2010-12-14 06:00:00
2146,78.29,79.21,78.21,78.52,1169064,2010-12-15 06:00:00
2147,78.37,79.56,78.11,79.2,1195173,2010-12-16 06:00:00
2148,78.6,79.48,78.11,79.0,2765059,2010-12-17 06:00:00
2149,79.14,79.29,78.25,79.0,1301642,2010-12-20 06:00:00
2150,79.28,80.61,79.11,80.03,959865,2010-12-21 06:00:00
2151,79.89,80.24,79.56,79.91,842023,2010-12-22 06:00:00
2152,79.68,80.07,79.52,79.71,637694,2010-12-23 06:00:00
2153,79.5,80.06,79.3,79.76,536831,2010-12-27 06:00:00
2154,79.76,80.23,79.21,79.69,675113,2010-12-28 06:00:00
2155,80.0,81.02,79.62,80.5,1035314,2010-12-29 06:00:00
2156,80.5,80.63,79.73,80.08,839639,2010-12-30 06:00:00
2157,79.92,80.49,79.64,80.19,1182014,2010-12-31 06:00:00
2158,80.91,82.05,80.91,81.51,1718313,2011-01-03 06:00:00
2159,80.32,80.87,80.05,80.45,1758879,2011-01-04 06:00:00
2160,79.21,80.49,79.16,79.88,1992059,2011-01-05 06:00:00
2161,79.79,80.26,79.19,79.64,1618573,2011-01-06 06:00:00
2162,79.91,80.35,79.16,79.56,1782341,2011-01-07 06:00:00
2163,79.24,79.83,78.7,79.58,1533263,2011-01-10 06:00:00
2164,79.71,80.09,78.94,79.51,764570,2011-01-11 06:00:00
2165,79.91,79.95,79.54,79.75,616466,2011-01-12 06:00:00
2166,79.62,79.96,79.12,79.38,596771,2011-01-13 06:00:00
2167,79.32,79.66,78.82,78.88,1479007,2011-01-14 06:00:00
2168,79.06,79.49,78.97,79.33,924663,2011-01-18 06:00:00
2169,79.01,79.01,77.39,77.72,1618481,2011-01-19 06:00:00
2170,77.82,78.5,77.42,77.8,1154180,2011-01-20 06:00:00
2171,78.05,78.05,77.21,77.62,1008080,2011-01-21 06:00:00
2172,77.74,78.12,77.292,77.75,731238,2011-01-24 06:00:00
2173,77.36,77.88,76.82,77.83,1093755,2011-01-25 06:00:00
2174,77.85,78.37,77.46,78.12,903562,2011-01-26 06:00:00
2175,77.85,78.14,77.66,77.74,1391034,2011-01-27 06:00:00
2176,77.98,78.08,75.9,76.03,1670531,2011-01-28 06:00:00
2177,76.11,77.28,75.85,77.09,1224364,2011-01-31 06:00:00
2178,77.43,78.64,77.27,78.2,1725282,2011-02-01 06:00:00
2179,75.2,78.2,73.7,73.74,5322579,2011-02-02 06:00:00
2180,73.6,75.07,73.57,74.44,2037167,2011-02-03 06:00:00
2181,74.4,74.4,73.31,74.06,1372964,2011-02-04 06:00:00
2182,74.05,74.37,73.39,74.11,1132269,2011-02-07 06:00:00
2183,74.02,74.08,73.01,73.57,1389663,2011-02-08 06:00:00
2184,73.31,74.08,73.08,73.92,816082,2011-02-09 06:00:00
2185,73.35,74.755,73.35,74.6,1004728,2011-02-10 06:00:00
2186,74.11,75.37,73.905,75.07,1526917,2011-02-11 06:00:00
2187,75.08,75.47,73.87,73.91,1348780,2011-02-14 06:00:00
2188,73.94,74.37,73.53,74.05,1098457,2011-02-15 06:00:00
2189,74.1,75.51,73.88,74.92,929626,2011-02-16 06:00:00
2190,74.64,75.45,74.52,75.01,758725,2011-02-17 06:00:00
2191,75.01,75.44,74.79,74.99,1359888,2011-02-18 06:00:00
2192,74.45,74.5,71.53,71.71,2409615,2011-02-22 06:00:00
2193,71.73,72.13,70.33,70.7,1958714,2011-02-23 06:00:00
2194,70.92,72.25,70.84,71.81,1758142,2011-02-24 06:00:00
2195,71.98,72.6,71.45,72.55,1191245,2011-02-25 06:00:00
2196,72.71,72.9,72.18,72.39,1197534,2011-02-28 06:00:00
2197,72.66,72.66,70.32,70.87,1290805,2011-03-01 06:00:00
2198,70.53,71.86,70.4636,71.41,1212306,2011-03-02 06:00:00
2199,71.95,73.92,71.93,73.86,1671721,2011-03-03 06:00:00
2200,73.64,73.78,72.14,72.84,1087295,2011-03-04 06:00:00
2201,73.28,73.28,70.92,72.22,1258344,2011-03-07 06:00:00
2202,72.25,73.68,72.08,73.34,979169,2011-03-08 06:00:00
2203,73.05,73.87,72.58,73.61,987547,2011-03-09 06:00:00
2204,72.89,73.635,71.72,72.7,1185094,2011-03-10 06:00:00
2205,72.56,73.25,71.84,72.75,605934,2011-03-11 06:00:00
2206,72.27,72.5085,71.48,72.32,815589,2011-03-14 05:00:00
2207,70.56,72.13,70.54,71.75,1532045,2011-03-15 05:00:00
2208,71.41,72.06,70.6,71.09,1454939,2011-03-16 05:00:00
2209,72.49,72.97,71.34,71.79,829072,2011-03-17 05:00:00
2210,72.62,73.03,72.27,72.66,1377591,2011-03-18 05:00:00
2211,73.55,73.945,73.33,73.67,844518,2011-03-21 05:00:00
2212,73.05,73.73,70.94,71.55,3206658,2011-03-22 05:00:00
2213,71.44,71.61,70.84,71.42,1965276,2011-03-23 05:00:00
2214,71.72,72.31,71.39,72.2,1183473,2011-03-24 05:00:00
2215,72.51,72.895,71.89,72.52,1620691,2011-03-25 05:00:00
2216,72.49,72.81,72.33,72.65,1568588,2011-03-28 05:00:00
2217,72.6,73.29,72.12,73.1,942153,2011-03-29 05:00:00
2218,73.42,73.79,73.02,73.11,920618,2011-03-30 05:00:00
2219,73.07,74.2,72.82,74.13,1121159,2011-03-31 05:00:00
2220,74.55,75.37,74.52,74.9,1280624,2011-04-01 05:00:00
2221,75.28,75.81,74.88,75.64,880468,2011-04-04 05:00:00
2222,75.45,75.92,74.81,75.43,1118328,2011-04-05 05:00:00
2223,75.93,76.05,75.08,75.62,814035,2011-04-06 05:00:00
2224,75.36,75.62,74.28,74.77,1120686,2011-04-07 05:00:00
2225,75.0,75.07,73.74,74.28,950747,2011-04-08 05:00:00
2226,74.43,74.59,73.3,73.91,942412,2011-04-11 05:00:00
2227,73.54,74.51,73.45,74.24,940212,2011-04-12 05:00:00
2228,74.65,74.75,73.9,74.37,739075,2011-04-13 05:00:00
2229,73.94,75.6,73.8,75.39,1307145,2011-04-14 05:00:00
2230,76.15,76.89,75.85,76.64,1588809,2011-04-15 05:00:00
2231,76.02,76.06,74.92,75.88,889027,2011-04-18 05:00:00
2232,76.04,76.18,75.53,76.12,751118,2011-04-19 05:00:00
2233,76.8,77.91,76.47,77.11,1037862,2011-04-20 05:00:00
2234,77.2,78.25,77.19,78.04,1089659,2011-04-21 05:00:00
2235,78.0,78.7,77.59,78.51,802423,2011-04-25 05:00:00
2236,78.82,79.71,78.645,79.24,1391074,2011-04-26 05:00:00
2237,79.07,80.31,78.68,80.09,1639356,2011-04-27 05:00:00
2238,80.05,81.14,79.9502,80.95,1277806,2011-04-28 05:00:00
2239,81.0,81.53,80.1,80.18,1741646,2011-04-29 05:00:00
2240,80.77,80.98,79.64,80.15,941344,2011-05-02 05:00:00
2241,80.2,80.6,79.06,79.39,1041290,2011-05-03 05:00:00
2242,79.2,79.74,78.61,78.85,1152041,2011-05-04 05:00:00
2243,78.57,80.1,78.27,79.26,1091789,2011-05-05 05:00:00
2244,80.18,80.36,79.42,79.53,817381,2011-05-06 05:00:00
2245,79.45,80.43,79.26,80.31,931480,2011-05-09 05:00:00
2246,80.59,81.13,80.3,80.95,753981,2011-05-10 05:00:00
2247,80.86,81.04,80.16,80.43,1003163,2011-05-11 05:00:00
2248,80.22,80.82,79.52,80.68,881019,2011-05-12 05:00:00
2249,80.86,80.94,79.44,79.77,807600,2011-05-13 05:00:00
2250,80.3,80.3,79.01,79.8,958239,2011-05-16 05:00:00
2251,79.48,79.63,78.67,79.22,1024022,2011-05-17 05:00:00
2252,79.29,80.46,78.6048,80.24,818681,2011-05-18 05:00:00
2253,80.5,81.21,80.12,80.8,892984,2011-05-19 05:00:00
2254,80.73,80.995,80.23,80.57,773231,2011-05-20 05:00:00
2255,79.56,80.16,79.1,79.98,802553,2011-05-23 05:00:00
2256,80.06,80.18,79.22,79.57,878876,2011-05-24 05:00:00
2257,79.51,79.91,79.1,79.62,1005185,2011-05-25 05:00:00
2258,79.53,80.22,79.01,79.99,1017921,2011-05-26 05:00:00
2259,79.96,80.42,79.63,79.92,591666,2011-05-27 05:00:00
2260,80.59,80.9,79.71,80.22,934027,2011-05-31 05:00:00
2261,79.95,80.52,78.22,78.22,837587,2011-06-01 05:00:00
2262,78.38,79.21,78.19,78.86,753398,2011-06-02 05:00:00
2263,78.19,78.25,77.34,77.76,747998,2011-06-03 05:00:00
2264,77.39,77.79,76.9,76.97,645550,2011-06-06 05:00:00
2265,77.14,77.4798,76.73,76.83,656922,2011-06-07 05:00:00
2266,76.82,76.98,76.04,76.3,529525,2011-06-08 05:00:00
2267,76.36,76.72,76.07,76.42,602815,2011-06-09 05:00:00
2268,76.31,76.38,75.75,75.83,639902,2011-06-10 05:00:00
2269,75.78,76.39,75.67,76.11,769792,2011-06-13 05:00:00
2270,76.73,77.54,76.49,77.38,893190,2011-06-14 05:00:00
2271,76.62,77.0,76.14,76.44,951529,2011-06-15 05:00:00
2272,76.44,77.0,76.06,76.23,987410,2011-06-16 05:00:00
2273,77.26,77.47,76.61,76.88,1562266,2011-06-17 05:00:00
2274,76.8,77.83,76.65,77.3,544123,2011-06-20 05:00:00
2275,77.67,78.2,77.25,77.96,611916,2011-06-21 05:00:00
2276,77.8,78.38,77.51,77.6,676812,2011-06-22 05:00:00
2277,76.73,77.58,76.17,77.41,968997,2011-06-23 05:00:00
2278,77.33,77.71,76.0558,76.09,989266,2011-06-24 05:00:00
2279,75.95,76.9901,75.85,76.95,793753,2011-06-27 05:00:00
2280,77.04,78.22,76.83,77.98,522065,2011-06-28 05:00:00
2281,78.28,78.58,77.77,78.09,656422,2011-06-29 05:00:00
2282,78.19,79.69,78.01,78.84,806516,2011-06-30 05:00:00
2283,79.1,80.99,78.8426,80.62,978535,2011-07-01 05:00:00
2284,80.8,80.94,80.1,80.47,832947,2011-07-05 05:00:00
2285,80.5,81.45,80.37,81.16,864486,2011-07-06 05:00:00
2286,81.67,82.61,81.34,82.1,844624,2011-07-07 05:00:00
2287,81.07,81.83,81.01,81.48,827164,2011-07-08 05:00:00
2288,80.51,80.93,79.85,80.45,939170,2011-07-11 05:00:00
2289,80.47,80.62,79.43,79.51,790953,2011-07-12 05:00:00
2290,79.99,80.5,79.36,79.6,626783,2011-07-13 05:00:00
2291,79.62,80.02,78.49,78.92,692438,2011-07-14 05:00:00
2292,79.06,79.16,77.78,78.56,997560,2011-07-15 05:00:00
2293,78.31,78.44,77.66,78.07,866381,2011-07-18 05:00:00
2294,78.64,79.45,78.54,79.3,599196,2011-07-19 05:00:00
2295,79.01,79.17,78.26,78.69,599596,2011-07-20 05:00:00
2296,79.02,80.33,79.02,79.795,789448,2011-07-21 05:00:00
2297,79.71,80.97,79.67,80.43,870285,2011-07-22 05:00:00
2298,80.06,81.46,79.76,81.21,1004880,2011-07-25 05:00:00
2299,80.93,80.93,79.86,80.25,1170928,2011-07-26 05:00:00
2300,76.82,77.0,73.29,73.88,3916296,2011-07-27 05:00:00
2301,73.61,74.3,72.51,72.705,2292530,2011-07-28 05:00:00
2302,72.22,73.27,71.53,72.31,1239528,2011-07-29 05:00:00
2303,73.18,73.18,70.97,71.69,1096821,2011-08-01 05:00:00
2304,71.27,71.74,70.15,70.41,1673021,2011-08-02 05:00:00
2305,70.66,72.14,70.22,71.51,1461109,2011-08-03 05:00:00
2306,70.49,71.05,68.32,68.34,1641912,2011-08-04 05:00:00
2307,69.12,69.52,66.54,68.13,2282238,2011-08-05 05:00:00
2308,68.16,68.2,64.15,64.26,2735709,2011-08-08 05:00:00
2309,67.39,67.73,63.15,65.0,6687414,2011-08-09 05:00:00
2310,64.18,65.04,62.3038,62.95,4139895,2011-08-10 05:00:00
2311,63.27,67.13,63.19,66.08,1779305,2011-08-11 05:00:00
2312,66.43,68.88,66.125,68.4,2155838,2011-08-12 05:00:00
2313,68.5,68.81,67.39,68.49,1013292,2011-08-15 05:00:00
2314,67.93,68.2,66.74,67.48,1203281,2011-08-16 05:00:00
2315,67.61,68.05,66.47,67.2,1051174,2011-08-17 05:00:00
2316,65.56,66.05,63.59,64.24,1891863,2011-08-18 05:00:00
2317,63.39,64.81,63.13,63.67,1687000,2011-08-19 05:00:00
2318,64.99,65.47,64.04,64.53,1022266,2011-08-22 05:00:00
2319,64.61,66.71,64.1,66.51,1236187,2011-08-23 05:00:00
2320,66.3,67.59,66.07,67.47,973956,2011-08-24 05:00:00
2321,67.72,68.21,66.07,66.31,1353753,2011-08-25 05:00:00
2322,66.09,68.11,64.58,67.99,1391331,2011-08-26 05:00:00
2323,68.89,70.5,68.79,70.47,1291525,2011-08-29 05:00:00
2324,70.31,71.81,70.17,71.28,1343670,2011-08-30 05:00:00
2325,71.6,72.19,69.925,70.5,1006609,2011-08-31 05:00:00
2326,70.54,71.37,69.16,69.35,1226733,2011-09-01 05:00:00
2327,68.11,68.35,66.51,66.99,1257014,2011-09-02 05:00:00
2328,65.25,65.54,64.44,65.4,2083366,2011-09-06 05:00:00
2329,66.27,68.01,66.179,68.0,960143,2011-09-07 05:00:00
2330,67.53,68.3,66.9,67.09,1139441,2011-09-08 05:00:00
2331,66.44,67.18,65.94,66.55,1437893,2011-09-09 05:00:00
2332,65.52,66.89,64.94,66.75,1339849,2011-09-12 05:00:00
2333,66.95,68.46,66.81,67.93,1215513,2011-09-13 05:00:00
2334,68.34,70.0,66.87,69.09,1293520,2011-09-14 05:00:00
2335,70.05,70.19,68.99,69.98,1076087,2011-09-15 05:00:00
2336,70.32,70.71,69.29,70.32,1727541,2011-09-16 05:00:00
2337,69.53,70.42,68.88,70.04,872465,2011-09-19 05:00:00
2338,70.41,70.55,69.09,69.14,1133797,2011-09-20 05:00:00
2339,69.15,69.15,66.46,66.46,1118102,2011-09-21 05:00:00
2340,65.1,66.07,64.31,65.19,1923921,2011-09-22 05:00:00
2341,64.69,66.27,64.39,66.02,1306033,2011-09-23 05:00:00
2342,66.34,68.22,66.0,68.15,1134915,2011-09-26 05:00:00
2343,69.47,70.22,68.59,69.06,1025635,2011-09-27 05:00:00
2344,68.92,69.61,67.51,67.53,691863,2011-09-28 05:00:00
2345,68.76,69.48,66.91,68.37,802674,2011-09-29 05:00:00
2346,67.77,68.86,66.91,68.47,2187581,2011-09-30 05:00:00
2347,67.81,69.55,66.18,66.27,1709068,2011-10-03 05:00:00
2348,65.61,67.97,64.9,67.89,1448388,2011-10-04 05:00:00
2349,68.22,70.97,67.79,70.59,1430585,2011-10-05 05:00:00
2350,70.5,72.15,70.19,71.53,1122540,2011-10-06 05:00:00
2351,71.61,71.84,70.42,70.87,1253117,2011-10-07 05:00:00
2352,72.0,73.08,71.91,73.08,821856,2011-10-10 05:00:00
2353,72.69,73.74,72.69,73.35,677469,2011-10-11 05:00:00
2354,72.32,73.35,72.29,72.43,1387874,2011-10-12 05:00:00
2355,72.21,72.47,71.5001,71.97,836905,2011-10-13 05:00:00
2356,72.88,73.62,72.15,73.5,658767,2011-10-14 05:00:00
2357,73.12,73.42,71.95,72.31,648413,2011-10-17 05:00:00
2358,72.31,74.58,71.75,73.95,697734,2011-10-18 05:00:00
2359,73.8,74.42,73.01,73.44,1053867,2011-10-19 05:00:00
2360,73.4901,73.94,72.15,73.64,1014785,2011-10-20 05:00:00
2361,74.33,75.0,73.99,75.0,912800,2011-10-21 05:00:00
2362,75.2,76.76,75.1,76.35,1064245,2011-10-24 05:00:00
2363,75.74,75.97,74.71,74.88,1376098,2011-10-25 05:00:00
2364,69.7,71.47,67.0,68.75,4486489,2011-10-26 05:00:00
2365,70.0,70.82,69.54,70.26,1980371,2011-10-27 05:00:00
2366,69.95,71.3,69.95,70.4,1348626,2011-10-28 05:00:00
2367,69.8,70.37,69.39,69.43,1239044,2011-10-31 05:00:00
2368,68.21,68.74,66.64,66.98,1502516,2011-11-01 05:00:00
2369,67.88,68.95,67.13,68.17,1118003,2011-11-02 05:00:00
2370,68.41,69.13,67.66,68.95,1199184,2011-11-03 05:00:00
2371,68.47,68.91,67.32,68.72,1116937,2011-11-04 05:00:00
2372,68.42,69.07,67.57,68.85,1251517,2011-11-07 06:00:00
2373,69.26,70.57,68.91,70.52,911332,2011-11-08 06:00:00
2374,68.93,69.05,66.68,67.16,1401800,2011-11-09 06:00:00
2375,68.11,68.42,67.15,67.69,1095244,2011-11-10 06:00:00
2376,68.59,69.0,68.3,68.76,865832,2011-11-11 06:00:00
2377,68.45,69.05,67.92,68.27,425984,2011-11-14 06:00:00
2378,68.11,68.93,67.88,68.57,526511,2011-11-15 06:00:00
2379,67.91,68.31,66.85,66.93,821528,2011-11-16 06:00:00
2380,66.76,67.26,65.38,65.65,1493912,2011-11-17 06:00:00
2381,65.64,66.63,65.54,66.01,1258430,2011-11-18 06:00:00
2382,65.42,66.05,64.74,65.67,1204777,2011-11-21 06:00:00
2383,65.41,65.92,64.65,64.73,1175748,2011-11-22 06:00:00
2384,64.21,64.51,63.43,63.74,1001367,2011-11-23 06:00:00
2385,63.39,64.25,63.21,63.63,599913,2011-11-25 06:00:00
2386,65.25,66.54,65.25,65.87,899991,2011-11-28 06:00:00
2387,65.92,67.0,65.54,65.6,888304,2011-11-29 06:00:00
2388,67.25,68.54,67.12,68.51,1757724,2011-11-30 06:00:00
2389,68.28,68.4,67.59,67.65,822855,2011-12-01 06:00:00
2390,67.96,68.89,67.82,67.98,685854,2011-12-02 06:00:00
2391,68.93,69.5,68.82,69.5,1032285,2011-12-05 06:00:00
2392,70.22,70.22,68.4,68.54,1352110,2011-12-06 06:00:00
2393,68.19,69.22,67.81,68.81,906825,2011-12-07 06:00:00
2394,68.51,68.51,67.07,67.25,776326,2011-12-08 06:00:00
2395,67.76,68.76,67.5,68.44,626513,2011-12-09 06:00:00
2396,67.93,68.08,66.92,67.66,632542,2011-12-12 06:00:00
2397,68.19,68.53,66.28,66.7,733512,2011-12-13 06:00:00
2398,66.57,67.02,66.22,66.31,732305,2011-12-14 06:00:00
2399,67.14,67.34,66.39,66.69,570432,2011-12-15 06:00:00
2400,66.92,68.26,66.39,66.59,1260558,2011-12-16 06:00:00
2401,67.09,67.49,65.29,65.44,623041,2011-12-19 06:00:00
2402,66.42,68.32,66.292,68.23,909442,2011-12-20 06:00:00
2403,68.42,68.65,67.59,68.49,685976,2011-12-21 06:00:00
2404,68.78,69.87,68.78,69.36,877176,2011-12-22 06:00:00
2405,69.69,70.11,69.52,70.02,492113,2011-12-23 06:00:00
2406,69.9,71.01,69.63,70.73,466177,2011-12-27 06:00:00
2407,70.82,70.92,69.42,69.55,614101,2011-12-28 06:00:00
2408,69.87,70.13,69.39,70.08,501011,2011-12-29 06:00:00
2409,70.22,70.5,69.75,69.78,407131,2011-12-30 06:00:00
2410,71.42,71.76,69.7,69.84,1119831,2012-01-03 06:00:00
2411,69.7,69.7,68.69,68.72,864039,2012-01-04 06:00:00
2412,67.71,67.97,66.5,67.81,1698781,2012-01-05 06:00:00
2413,67.8,68.36,67.67,67.98,724066,2012-01-06 06:00:00
2414,68.04,68.15,67.26,67.58,782464,2012-01-09 06:00:00
2415,68.39,68.94,67.33,67.37,1131310,2012-01-10 06:00:00
2416,67.25,67.67,65.92,66.52,1774703,2012-01-11 06:00:00
2417,66.68,67.03,66.29,66.34,1042940,2012-01-12 06:00:00
2418,66.37,66.86,65.28,66.73,1027200,2012-01-13 06:00:00
2419,67.0,67.2,66.0202,66.47,827649,2012-01-17 06:00:00
2420,66.49,67.33,66.27,67.29,933272,2012-01-18 06:00:00
2421,67.3,68.91,67.28,68.87,1257465,2012-01-19 06:00:00
2422,68.87,68.87,67.36,67.66,1405396,2012-01-20 06:00:00
2423,67.56,68.23,66.79,68.05,1278193,2012-01-23 06:00:00
2424,67.81,67.98,67.24,67.63,1338351,2012-01-24 06:00:00
2425,67.43,68.16,67.0,68.11,1293902,2012-01-25 06:00:00
2426,68.53,69.89,68.3,69.47,1599299,2012-01-26 06:00:00
2427,69.33,69.36,68.21,68.52,1455943,2012-01-27 06:00:00
2428,68.27,68.3,67.75,67.93,1187238,2012-01-30 06:00:00
2429,68.24,68.94,67.4,68.84,1781277,2012-01-31 06:00:00
2430,64.9,65.2,63.37,64.01,6750482,2012-02-01 06:00:00
2431,64.87,65.49,63.99,64.0,2778632,2012-02-02 06:00:00
2432,64.78,65.0,64.29,64.415,1369421,2012-02-03 06:00:00
2433,64.07,64.28,63.88,64.035,1242822,2012-02-06 06:00:00
2434,63.98,64.29,63.48,64.09,944267,2012-02-07 06:00:00
2435,63.99,64.2,63.43,63.6,1149051,2012-02-08 06:00:00
2436,63.84,63.84,63.48,63.645,1351126,2012-02-09 06:00:00
2437,63.26,63.6,62.84,63.5,1179736,2012-02-10 06:00:00
2438,63.77,64.76,63.68,64.75,1033324,2012-02-13 06:00:00
2439,64.45,65.48,64.12,65.48,1728096,2012-02-14 06:00:00
2440,65.55,65.6,63.56,63.59,1847894,2012-02-15 06:00:00
2441,63.84,66.26,63.8,66.2,1610820,2012-02-16 06:00:00
2442,66.05,66.306,65.48,66.11,1289812,2012-02-17 06:00:00
2443,66.38,66.38,65.57,66.12,1048547,2012-02-21 06:00:00
2444,66.2,66.66,65.95,66.24,1227556,2012-02-22 06:00:00
2445,66.16,67.79,66.14,67.5,1138332,2012-02-23 06:00:00
2446,67.8,67.98,67.0484,67.21,1106465,2012-02-24 06:00:00
2447,66.86,67.47,66.53,66.93,1309374,2012-02-27 06:00:00
2448,66.99,67.32,66.4608,66.94,1093614,2012-02-28 06:00:00
2449,66.57,66.97,66.08,66.17,1451694,2012-02-29 06:00:00
2450,66.33,67.405,66.23,66.85,1262141,2012-03-01 06:00:00
2451,66.72,66.93,66.14,66.22,857102,2012-03-02 06:00:00
2452,66.16,66.27,65.37,65.725,893375,2012-03-05 06:00:00
2453,65.25,65.3,64.68,64.9,1030328,2012-03-06 06:00:00
2454,65.13,65.23,64.53,65.06,739492,2012-03-07 06:00:00
2455,65.43,65.93,65.05,65.76,765221,2012-03-08 06:00:00
2456,65.92,66.3858,65.31,66.35,598629,2012-03-09 06:00:00
2457,66.62,66.66,65.4298,65.94,722925,2012-03-12 05:00:00
2458,66.35,66.66,65.75,66.4,1271399,2012-03-13 05:00:00
2459,66.39,66.39,65.21,65.35,1093817,2012-03-14 05:00:00
2460,65.32,65.51,64.9,65.35,2096525,2012-03-15 05:00:00
2461,65.14,65.86,64.97,65.67,1740669,2012-03-16 05:00:00
2462,65.66,66.01,65.43,65.62,813822,2012-03-19 05:00:00
2463,65.38,65.46,64.39,64.5,1226856,2012-03-20 05:00:00
2464,64.45,65.09,63.95,65.0,994161,2012-03-21 05:00:00
2465,64.36,64.64,63.62,64.5,960430,2012-03-22 05:00:00
2466,64.68,64.76,63.88,64.42,606229,2012-03-23 05:00:00
2467,65.11,65.29,64.69,65.19,839066,2012-03-26 05:00:00
2468,65.14,65.37,64.64,65.35,746021,2012-03-27 05:00:00
2469,65.52,65.61,64.63,65.11,719386,2012-03-28 05:00:00
2470,64.82,65.0,64.055,64.76,1807571,2012-03-29 05:00:00
2471,65.01,65.99,64.78,65.49,1356950,2012-03-30 05:00:00
2472,65.41,66.37,65.33,65.91,1045592,2012-04-02 05:00:00
2473,65.75,66.03,65.09,65.71,628263,2012-04-03 05:00:00
2474,65.12,65.64,64.93,65.52,805819,2012-04-04 05:00:00
2475,65.08,65.5,64.975,65.12,707322,2012-04-05 05:00:00
2476,64.49,64.5,63.5,64.0,1025086,2012-04-09 05:00:00
2477,63.66,63.7,63.09,63.34,1479341,2012-04-10 05:00:00
2478,63.87,64.58,63.47,64.0,1145612,2012-04-11 05:00:00
2479,64.26,64.87,63.95,64.53,1642688,2012-04-12 05:00:00
2480,64.2,64.38,63.82,64.13,914017,2012-04-13 05:00:00
2481,64.2,64.96,63.89,64.81,840572,2012-04-16 05:00:00
2482,64.99,66.27,64.93,66.11,1241937,2012-04-17 05:00:00
2483,66.61,67.0,66.23,66.86,1238396,2012-04-18 05:00:00
2484,66.63,67.31,65.97,66.14,1362112,2012-04-19 05:00:00
2485,65.46,66.75,65.15,66.52,1506535,2012-04-20 05:00:00
2486,66.0,66.0,65.15,65.53,935848,2012-04-23 05:00:00
2487,65.87,66.34,65.53,65.83,1185693,2012-04-24 05:00:00
2488,63.93,64.04,60.0,60.91,8984961,2012-04-25 05:00:00
2489,60.38,60.72,58.73,59.23,3176656,2012-04-26 05:00:00
2490,59.63,59.97,58.91,59.02,2633691,2012-04-27 05:00:00
2491,59.23,60.01,59.11,59.74,2222101,2012-04-30 05:00:00
2492,59.72,61.14,59.22,60.8,2219187,2012-05-01 05:00:00
2493,60.96,62.66,60.51,62.3,4082049,2012-05-02 05:00:00
2494,62.28,62.28,61.27,61.42,2245679,2012-05-03 05:00:00
2495,61.28,61.28,60.24,60.62,1401884,2012-05-04 05:00:00
2496,60.61,61.26,60.25,60.86,1063223,2012-05-07 05:00:00
2497,60.54,61.43,60.23,61.32,1558264,2012-05-08 05:00:00
2498,60.71,60.96,60.0,60.67,1360703,2012-05-09 05:00:00
2499,60.95,61.36,60.24,60.52,801563,2012-05-10 05:00:00
2500,60.43,61.13,60.2915,60.81,827110,2012-05-11 05:00:00
2501,60.25,60.77,60.1,60.45,833657,2012-05-14 05:00:00
2502,60.7,61.22,60.2,60.77,1041725,2012-05-15 05:00:00
2503,61.21,61.46,60.58,60.62,1196029,2012-05-16 05:00:00
2504,60.55,60.92,59.64,59.64,1204911,2012-05-17 05:00:00
2505,59.99,60.16,58.75,58.88,1521025,2012-05-18 05:00:00
2506,59.01,59.88,58.75,59.78,1538951,2012-05-21 05:00:00
2507,60.03,60.37,59.455,59.85,1045845,2012-05-22 05:00:00
2508,59.41,60.53,59.07,60.32,1496956,2012-05-23 05:00:00
2509,60.35,60.52,59.37,59.82,1239135,2012-05-24 05:00:00
2510,59.935,60.06,59.3,59.69,1308738,2012-05-25 05:00:00
2511,60.17,61.16,59.97,60.77,1181855,2012-05-29 05:00:00
2512,60.05,60.07,59.08,59.08,1384386,2012-05-30 05:00:00
2513,58.48,58.83,57.3,58.26,2165716,2012-05-31 05:00:00
2514,57.21,58.15,56.82,56.89,2531670,2012-06-01 05:00:00
2515,56.38,57.1,55.89,56.69,2952748,2012-06-04 05:00:00
2516,56.4,57.02,55.88,56.62,1644014,2012-06-05 05:00:00
2517,57.03,58.155,56.87,58.04,1300286,2012-06-06 05:00:00
2518,58.68,59.26,57.49,57.57,1206881,2012-06-07 05:00:00
2519,57.2,58.06,57.095,57.92,1126288,2012-06-08 05:00:00
2520,58.35,58.57,57.36,57.45,655981,2012-06-11 05:00:00
2521,57.59,57.97,57.14,57.92,847352,2012-06-12 05:00:00
2522,57.81,58.48,57.21,57.29,1075062,2012-06-13 05:00:00
2523,57.57,58.24,57.17,58.02,1140494,2012-06-14 05:00:00
2524,58.22,58.625,57.94,58.56,1195049,2012-06-15 05:00:00
2525,58.22,59.285,58.11,59.01,910075,2012-06-18 05:00:00
2526,59.0,59.99,58.95,59.81,1021620,2012-06-19 05:00:00
2527,59.93,59.93,58.71,59.31,800080,2012-06-20 05:00:00
2528,59.48,59.64,57.81,57.83,1037309,2012-06-21 05:00:00
2529,57.57,57.69,56.711,57.37,1231784,2012-06-22 05:00:00
2530,56.8,57.046,56.01,56.34,1022944,2012-06-25 05:00:00
2531,56.54,56.65,55.35,56.26,1365420,2012-06-26 05:00:00
2532,56.48,56.97,56.25,56.84,956220,2012-06-27 05:00:00
2533,56.4,56.89,56.02,56.66,1032567,2012-06-28 05:00:00
2534,57.54,58.62,57.43,58.53,979001,2012-06-29 05:00:00
2535,58.78,61.25,58.01,60.85,2851183,2012-07-02 05:00:00
2536,61.51,61.96,60.35,61.86,1644285,2012-07-03 05:00:00
2537,61.97,61.97,61.19,61.44,1183457,2012-07-05 05:00:00
2538,61.17,61.58,60.09,60.51,938876,2012-07-06 05:00:00
2539,60.46,61.105,60.19,60.24,948181,2012-07-09 05:00:00
2540,60.75,60.94,59.705,59.91,1027672,2012-07-10 05:00:00
2541,59.85,60.22,58.99,59.6,891097,2012-07-11 05:00:00
2542,59.18,59.43,58.5,58.95,883104,2012-07-12 05:00:00
2543,59.11,60.48,59.11,60.3,1565521,2012-07-13 05:00:00
2544,60.17,60.28,58.85,58.92,1058918,2012-07-16 05:00:00
2545,57.95,57.995,56.83,57.95,1556039,2012-07-17 05:00:00
2546,57.86,59.4501,57.84,59.24,1334480,2012-07-18 05:00:00
2547,59.39,59.81,59.05,59.53,856168,2012-07-19 05:00:00
2548,59.49,59.49,56.86,56.96,2106777,2012-07-20 05:00:00
2549,55.97,56.69,55.5,56.58,1350788,2012-07-23 05:00:00
2550,56.29,56.58,55.61,56.25,1415229,2012-07-24 05:00:00
2551,54.01,54.19,50.81,52.23,6557567,2012-07-25 05:00:00
2552,52.91,53.56,51.81,52.24,2146517,2012-07-26 05:00:00
2553,52.73,53.6605,52.73,53.35,1735192,2012-07-27 05:00:00
2554,53.2,53.66,53.07,53.25,1171298,2012-07-30 05:00:00
2555,52.96,53.43,52.8,52.85,1016841,2012-07-31 05:00:00
2556,52.98,53.19,51.92,52.85,1288898,2012-08-01 05:00:00
2557,52.73,53.25,51.97,53.14,1429112,2012-08-02 05:00:00
2558,54.07,54.27,53.54,53.6,1459631,2012-08-03 05:00:00
2559,54.01,54.04,53.54,53.63,1050836,2012-08-06 05:00:00
2560,54.0,54.11,53.66,53.74,1084680,2012-08-07 05:00:00
2561,53.5,54.025,53.23,53.9,1359925,2012-08-08 05:00:00
2562,53.91,54.02,53.66,53.8,992568,2012-08-09 05:00:00
2563,53.76,54.34,53.6,54.23,687905,2012-08-10 05:00:00
2564,54.07,54.785,54.03,54.61,1029695,2012-08-13 05:00:00
2565,54.9,55.51,54.57,55.22,1327741,2012-08-14 05:00:00
2566,55.05,55.94,55.02,55.9,772930,2012-08-15 05:00:00
2567,56.13,57.2,55.8001,56.67,1620804,2012-08-16 05:00:00
2568,56.92,57.08,56.38,57.04,1344216,2012-08-17 05:00:00
2569,57.01,57.6,56.75,57.44,1089220,2012-08-20 05:00:00
2570,57.4,57.83,57.24,57.41,1740187,2012-08-21 05:00:00
2571,57.32,57.47,56.76,57.26,918527,2012-08-22 05:00:00
2572,57.25,57.25,56.64,56.81,796880,2012-08-23 05:00:00
2573,56.79,57.34,56.64,57.16,785550,2012-08-24 05:00:00
2574,57.18,57.42,56.29,56.53,624042,2012-08-27 05:00:00
2575,56.45,56.53,56.0,56.1,1153132,2012-08-28 05:00:00
2576,56.29,57.06,56.17,57.0,1000576,2012-08-29 05:00:00
2577,56.64,56.7,56.23,56.24,1014354,2012-08-30 05:00:00
2578,56.77,57.01,56.45,56.61,889524,2012-08-31 05:00:00
2579,56.68,57.01,56.15,56.63,1052607,2012-09-04 05:00:00
2580,56.38,56.7,55.56,56.37,1329408,2012-09-05 05:00:00
2581,56.77,57.6,56.59,57.06,1151429,2012-09-06 05:00:00
2582,57.29,57.5,56.79,57.45,1830763,2012-09-07 05:00:00
2583,57.44,57.51,57.18,57.34,1061702,2012-09-10 05:00:00
2584,57.36,57.63,57.16,57.47,1282236,2012-09-11 05:00:00
2585,57.47,57.82,57.28,57.46,856932,2012-09-12 05:00:00
2586,57.37,57.62,56.96,57.245,1147873,2012-09-13 05:00:00
2587,56.77,57.49,56.62,57.27,1629814,2012-09-14 05:00:00
2588,57.07,57.46,56.71,56.74,918659,2012-09-17 05:00:00
2589,56.54,56.87,55.91,56.515,921006,2012-09-18 05:00:00
2590,56.7,57.48,56.27,57.4,960753,2012-09-19 05:00:00
2591,57.22,58.0,56.8,57.55,2281889,2012-09-20 05:00:00
2592,57.5,57.83,57.2,57.62,2149063,2012-09-21 05:00:00
2593,57.14,58.57,57.02,58.57,1298046,2012-09-24 05:00:00
2594,59.14,60.94,58.99,59.045,3297992,2012-09-25 05:00:00
2595,59.67,59.9,58.82,59.06,1757793,2012-09-26 05:00:00
2596,59.17,59.4,58.72,59.27,890967,2012-09-27 05:00:00
2597,59.16,59.16,58.11,58.58,1489935,2012-09-28 05:00:00
2598,58.9,60.32,58.6999,59.1,1738529,2012-10-01 05:00:00
2599,59.17,59.33,58.2,58.6,1196910,2012-10-02 05:00:00
2600,58.85,59.89,58.85,59.865,1409150,2012-10-03 05:00:00
2601,59.86,60.29,59.335,59.9,958808,2012-10-04 05:00:00
2602,60.15,61.02,60.06,60.31,998675,2012-10-05 05:00:00
2603,60.58,60.84,59.94,59.99,975694,2012-10-08 05:00:00
2604,59.77,60.44,59.11,59.37,1141778,2012-10-09 05:00:00
2605,59.5,59.95,58.83,59.0,1152607,2012-10-10 05:00:00
2606,59.49,59.65,58.86,58.9,726320,2012-10-11 05:00:00
2607,59.51,60.91,59.49,59.94,1574699,2012-10-12 05:00:00
2608,60.14,60.53,59.72,60.36,768742,2012-10-15 05:00:00
2609,60.91,61.5,60.41,60.9005,1031000,2012-10-16 05:00:00
2610,63.0,63.16,61.33,61.69,1653995,2012-10-17 05:00:00
2611,61.48,61.68,61.0,61.4,935621,2012-10-18 05:00:00
2612,61.51,61.58,60.37,60.725,1490123,2012-10-19 05:00:00
2613,60.75,60.88,59.63,59.85,1581839,2012-10-22 05:00:00
2614,60.88,61.29,59.59,60.98,1869557,2012-10-23 05:00:00
2615,58.99,59.8,57.16,57.5509,4022902,2012-10-24 05:00:00
2616,57.55,59.36,57.55,59.1,1836975,2012-10-25 05:00:00
2617,59.01,59.62,58.8,59.41,1539101,2012-10-26 05:00:00
2618,59.65,61.14,57.97,60.31,1512006,2012-10-31 05:00:00
2619,60.42,61.86,59.97,61.57,1522389,2012-11-01 05:00:00
2620,62.05,62.05,61.37,61.48,996887,2012-11-02 05:00:00
2621,61.58,62.15,61.15,62.03,809587,2012-11-05 06:00:00
2622,62.16,63.49,62.11,62.92,1318226,2012-11-06 06:00:00
2623,62.05,62.56,61.85,62.22,1395605,2012-11-07 06:00:00
2624,61.97,62.48,61.12,61.5,918559,2012-11-08 06:00:00
2625,61.49,62.19,61.06,61.48,1199612,2012-11-09 06:00:00
2626,61.48,61.76,61.14,61.38,624603,2012-11-12 06:00:00
2627,61.29,62.42,61.24,61.39,1224439,2012-11-13 06:00:00
2628,61.53,61.56,59.68,59.87,1457270,2012-11-14 06:00:00
2629,59.91,60.046,59.34,59.53,1007085,2012-11-15 06:00:00
2630,59.49,59.79,58.63,59.16,1065172,2012-11-16 06:00:00
2631,59.91,60.18,59.28,59.81,1080679,2012-11-19 06:00:00
2632,59.58,60.11,59.52,60.07,628408,2012-11-20 06:00:00
2633,60.09,60.41,59.97,60.22,508664,2012-11-21 06:00:00
2634,60.14,60.995,59.96,60.98,387001,2012-11-23 06:00:00
2635,60.79,61.48,60.75,61.48,701985,2012-11-26 06:00:00
2636,61.33,61.77,60.73,60.83,956997,2012-11-27 06:00:00
2637,60.56,61.91,60.41,61.73,1114107,2012-11-28 06:00:00
2638,61.98,62.57,61.66,61.97,1228272,2012-11-29 06:00:00
2639,62.22,62.37,61.46,61.74,1357365,2012-11-30 06:00:00
2640,62.03,62.14,60.68,61.0,780597,2012-12-03 06:00:00
2641,60.98,61.52,60.75,61.02,797526,2012-12-04 06:00:00
2642,61.08,62.1,61.06,61.91,869909,2012-12-05 06:00:00
2643,61.64,61.95,60.42,60.64,969265,2012-12-06 06:00:00
2644,60.78,60.97,60.14,60.6,783347,2012-12-07 06:00:00
2645,60.76,62.05,60.72,61.94,1139589,2012-12-10 06:00:00
2646,62.47,62.81,61.96,62.26,1431970,2012-12-11 06:00:00
2647,62.57,62.65,61.7101,61.91,877204,2012-12-12 06:00:00
2648,61.63,62.39,61.27,61.64,605463,2012-12-13 06:00:00
2649,61.73,61.96,61.4,61.52,886776,2012-12-14 06:00:00
2650,61.78,62.19,61.61,62.19,814549,2012-12-17 06:00:00
2651,62.44,63.93,62.281,63.55,1473282,2012-12-18 06:00:00
2652,63.72,64.14,63.3916,63.63,987340,2012-12-19 06:00:00
2653,63.53,63.96,63.33,63.76,1039413,2012-12-20 06:00:00
2654,63.01,63.98,62.81,63.6,2277758,2012-12-21 06:00:00
2655,63.25,63.8,63.18,63.32,358535,2012-12-24 06:00:00
2656,63.54,63.88,62.99,62.99,524415,2012-12-26 06:00:00
2657,62.95,63.12,62.33,62.8,786664,2012-12-27 06:00:00
2658,62.34,62.85,62.15,62.15,651107,2012-12-28 06:00:00
2659,62.18,63.25,62.06,63.22,727425,2012-12-31 06:00:00
2660,64.11,64.88,61.65,63.16,3084290,2013-01-02 06:00:00
2661,62.54,63.16,61.93,62.34,2893034,2013-01-03 06:00:00
2662,62.15,63.5358,62.07,63.04,1273570,2013-01-04 06:00:00
2663,62.51,63.45,62.5,63.15,1077444,2013-01-07 06:00:00
2664,62.81,63.3,61.81,63.21,1734200,2013-01-08 06:00:00
2665,63.19,64.26,63.01,64.21,1788031,2013-01-09 06:00:00
2666,64.59,64.87,64.04,64.38,1330392,2013-01-10 06:00:00
2667,64.4,64.64,64.28,64.54,866384,2013-01-11 06:00:00
2668,64.56,64.99,64.26,64.8,1166954,2013-01-14 06:00:00
2669,65.03,65.53,64.51,65.35,999513,2013-01-15 06:00:00
2670,65.27,65.36,64.05,64.73,1596196,2013-01-16 06:00:00
2671,64.87,64.94,64.24,64.88,871661,2013-01-17 06:00:00
2672,64.8,65.56,64.63,65.51,1172339,2013-01-18 06:00:00
2673,65.35,66.29,65.25,66.07,911936,2013-01-22 06:00:00
2674,66.05,66.49,65.65,65.75,773916,2013-01-23 06:00:00
2675,66.35,67.85,66.12,67.21,1637390,2013-01-24 06:00:00
2676,67.28,67.49,66.58,67.19,733294,2013-01-25 06:00:00
2677,67.53,67.83,66.9,67.51,1657923,2013-01-28 06:00:00
2678,67.48,67.93,67.1,67.92,921645,2013-01-29 06:00:00
2679,67.68,67.84,66.78,67.14,1034152,2013-01-30 06:00:00
2680,66.78,67.08,65.0,66.15,2546175,2013-01-31 06:00:00
2681,66.75,67.11,65.99,66.89,1352378,2013-02-01 06:00:00
2682,65.51,66.93,65.51,66.03,1390771,2013-02-04 06:00:00
2683,66.09,67.38,65.09,67.01,2064255,2013-02-05 06:00:00
2684,61.56,61.97,60.01,60.5,6425309,2013-02-06 06:00:00
2685,60.07,60.5,58.75,59.93,4152696,2013-02-07 06:00:00
2686,59.36,59.98,59.13,59.72,2604133,2013-02-08 06:00:00
2687,59.7,59.9,59.19,59.34,1939307,2013-02-11 06:00:00
2688,59.54,59.56,58.94,59.13,1537972,2013-02-12 06:00:00
2689,59.27,59.35,58.45,58.81,2011364,2013-02-13 06:00:00
2690,58.64,58.78,57.925,58.08,1947192,2013-02-14 06:00:00
2691,57.8,58.31,57.59,57.78,2303976,2013-02-15 06:00:00
2692,57.95,58.51,57.43,58.37,1932114,2013-02-19 06:00:00
2693,58.4,58.9,58.2,58.47,1875132,2013-02-20 06:00:00
2694,58.25,58.31,57.46,57.52,1777798,2013-02-21 06:00:00
2695,57.83,58.21,57.71,57.97,986785,2013-02-22 06:00:00
2696,58.19,58.35,56.73,56.77,1302462,2013-02-25 06:00:00
2697,56.92,57.24,55.805,55.98,2095106,2013-02-26 06:00:00
2698,55.98,57.57,55.98,57.19,2017755,2013-02-27 06:00:00
2699,57.19,57.56,56.9,57.02,1993365,2013-02-28 06:00:00
2700,56.74,57.4,56.61,57.06,1566163,2013-03-01 06:00:00
2701,57.06,57.26,56.27,57.06,1839367,2013-03-04 06:00:00
2702,57.17,57.83,57.07,57.54,3039007,2013-03-05 06:00:00
2703,57.6,57.77,57.15,57.23,1390015,2013-03-06 06:00:00
2704,57.37,57.82,56.79,56.93,1503845,2013-03-07 06:00:00
2705,57.16,57.54,56.96,57.0,1882107,2013-03-08 06:00:00
2706,56.99,57.52,56.95,57.0,1552154,2013-03-11 05:00:00
2707,57.05,57.81,57.05,57.35,1944410,2013-03-12 05:00:00
2708,57.32,59.16,57.13,59.07,2100590,2013-03-13 05:00:00
2709,59.07,59.3407,58.42,59.2,1222075,2013-03-14 05:00:00
2710,58.95,59.4,58.43,59.34,2334465,2013-03-15 05:00:00
2711,58.81,59.78,58.61,59.19,1273254,2013-03-18 05:00:00
2712,59.2,59.56,58.65,59.04,1352052,2013-03-19 05:00:00
2713,59.02,59.29,58.61,58.69,1396193,2013-03-20 05:00:00
2714,58.47,58.745,57.41,57.44,1277837,2013-03-21 05:00:00
2715,57.65,58.24,57.49,58.1,1491861,2013-03-22 05:00:00
2716,58.25,58.74,57.65,58.57,1700173,2013-03-25 05:00:00
2717,58.51,59.15,58.46,59.01,1171284,2013-03-26 05:00:00
2718,58.62,59.17,58.51,59.15,1241059,2013-03-27 05:00:00
2719,59.04,59.48,58.9,59.46,1488394,2013-03-28 05:00:00
2720,59.5,59.69,58.47,58.6,1254427,2013-04-01 05:00:00
2721,59.0,59.0,58.45,58.64,1383547,2013-04-02 05:00:00
2722,58.59,58.91,58.07,58.14,1446213,2013-04-03 05:00:00
2723,58.42,58.57,58.08,58.5,1244819,2013-04-04 05:00:00
2724,57.94,59.05,57.57,58.98,1206757,2013-04-05 05:00:00
2725,59.1,59.82,58.6,59.81,1131022,2013-04-08 05:00:00
2726,59.87,60.45,59.41,60.26,1368446,2013-04-09 05:00:00
2727,60.43,61.1,60.22,60.69,1500322,2013-04-10 05:00:00
2728,60.82,61.1105,60.33,60.59,849334,2013-04-11 05:00:00
2729,59.35,59.9599,57.7401,59.0,2464622,2013-04-12 05:00:00
2730,58.95,58.95,57.2598,57.51,1367404,2013-04-15 05:00:00
2731,56.79,57.21,56.13,57.17,1607213,2013-04-16 05:00:00
2732,56.63,56.84,56.02,56.58,1235367,2013-04-17 05:00:00
2733,56.82,56.8299,55.94,56.25,1129939,2013-04-18 05:00:00
2734,56.69,56.77,55.68,56.33,1306811,2013-04-19 05:00:00
2735,56.55,57.16,56.02,57.01,833843,2013-04-22 05:00:00
2736,57.15,57.71,57.14,57.41,1199525,2013-04-23 05:00:00
2737,57.68,58.02,57.48,57.65,1296413,2013-04-24 05:00:00
2738,57.94,58.56,57.84,58.2,925836,2013-04-25 05:00:00
2739,58.08,58.7567,58.01,58.44,1093692,2013-04-26 05:00:00
2740,58.49,59.015,58.4,58.84,656489,2013-04-29 05:00:00
2741,58.92,59.4,58.42,59.39,1406825,2013-04-30 05:00:00
2742,59.46,59.95,58.81,58.9,1284863,2013-05-01 05:00:00
2743,59.12,59.62,58.96,59.37,944554,2013-05-02 05:00:00
2744,59.87,60.73,59.84,60.47,1430612,2013-05-03 05:00:00
2745,60.41,60.71,60.32,60.37,1633840,2013-05-06 05:00:00
2746,60.38,61.91,60.25,61.56,2061524,2013-05-07 05:00:00
2747,56.65,57.9,56.11,57.26,4612538,2013-05-08 05:00:00
2748,57.19,57.44,55.73,56.0,6167228,2013-05-09 05:00:00
2749,56.23,57.37,56.06,57.0,2383108,2013-05-10 05:00:00
2750,56.47,56.58,55.8,56.07,1727942,2013-05-13 05:00:00
2751,56.15,56.87,56.05,56.87,1030623,2013-05-14 05:00:00
2752,56.94,57.86,56.8,57.66,1089579,2013-05-15 05:00:00
2753,57.79,58.4,57.51,57.87,1205205,2013-05-16 05:00:00
2754,58.29,58.33,57.84,58.32,965811,2013-05-17 05:00:00
2755,58.09,58.47,58.08,58.2,837460,2013-05-20 05:00:00
2756,58.33,59.97,58.27,59.87,1829386,2013-05-21 05:00:00
2757,59.87,60.1,58.87,59.11,1802935,2013-05-22 05:00:00
2758,58.92,59.5,58.82,59.49,1019528,2013-05-23 05:00:00
2759,59.06,59.135,58.12,58.7,966260,2013-05-24 05:00:00
2760,59.5,59.58,57.7,57.87,1418212,2013-05-28 05:00:00
2761,57.67,58.06,57.44,57.67,1423651,2013-05-29 05:00:00
2762,57.81,57.99,57.36,57.47,998762,2013-05-30 05:00:00
2763,57.06,57.26,56.45,56.7,2271422,2013-05-31 05:00:00
2764,56.73,57.04,56.38,57.04,1064561,2013-06-03 05:00:00
2765,56.97,57.41,56.25,56.5,1250817,2013-06-04 05:00:00
2766,56.14,56.57,55.95,56.26,1374412,2013-06-05 05:00:00
2767,56.41,56.69,55.88,56.31,955618,2013-06-06 05:00:00
2768,56.81,57.55,56.4,57.16,1252361,2013-06-07 05:00:00
2769,56.12,56.81,55.91,56.81,1577076,2013-06-10 05:00:00
2770,56.32,56.8,56.24,56.5,586007,2013-06-11 05:00:00
2771,56.76,57.11,55.97,56.02,857658,2013-06-12 05:00:00
2772,55.84,56.95,55.84,56.72,1380291,2013-06-13 05:00:00
2773,56.75,57.2,56.38,56.5,1222136,2013-06-14 05:00:00
2774,56.96,57.24,56.44,56.9,1036777,2013-06-17 05:00:00
2775,57.18,57.42,56.71,57.33,1313120,2013-06-18 05:00:00
2776,57.4,57.58,56.52,56.53,1165483,2013-06-19 05:00:00
2777,56.12,56.37,55.31,55.42,1999293,2013-06-20 05:00:00
2778,54.78,55.73,54.48,54.79,5348442,2013-06-21 05:00:00
2779,54.56,54.82,53.74,54.33,2219048,2013-06-24 05:00:00
2780,55.08,55.16,54.37,54.7,1925835,2013-06-25 05:00:00
2781,55.32,55.46,54.725,55.12,1200481,2013-06-26 05:00:00
2782,55.43,56.12,55.325,55.73,1164576,2013-06-27 05:00:00
2783,55.55,56.57,55.5,56.31,2058388,2013-06-28 05:00:00
2784,56.86,57.0,56.23,56.52,818267,2013-07-01 05:00:00
2785,56.39,56.89,56.11,56.46,919838,2013-07-02 05:00:00
2786,56.19,56.47,55.89,56.37,459013,2013-07-03 05:00:00
2787,56.75,57.41,56.24,57.4,632747,2013-07-05 05:00:00
2788,57.53,58.1,57.35,58.01,870036,2013-07-08 05:00:00
2789,58.17,59.07,58.17,58.39,779005,2013-07-09 05:00:00
2790,58.22,58.72,57.83,58.14,834567,2013-07-10 05:00:00
2791,59.03,59.19,58.66,58.88,963352,2013-07-11 05:00:00
2792,58.51,58.75,57.56,57.83,1361870,2013-07-12 05:00:00
2793,57.94,60.36,57.87,59.94,1899981,2013-07-15 05:00:00
2794,60.16,60.55,59.95,60.23,1509107,2013-07-16 05:00:00
2795,60.53,60.65,59.83,60.05,794629,2013-07-17 05:00:00
2796,60.24,60.82,60.23,60.7,849650,2013-07-18 05:00:00
2797,60.67,60.93,60.42,60.6,705567,2013-07-19 05:00:00
2798,61.12,61.13,60.45,60.54,758795,2013-07-22 05:00:00
2799,60.9,60.9,59.74,59.88,761713,2013-07-23 05:00:00
2800,60.46,60.48,59.28,59.28,871615,2013-07-24 05:00:00
2801,59.26,59.34,58.49,59.18,828826,2013-07-25 05:00:00
2802,58.71,59.44,58.635,59.39,479420,2013-07-26 05:00:00
2803,59.06,59.41,58.87,59.08,392919,2013-07-29 05:00:00
2804,59.25,59.49,58.84,59.2,625865,2013-07-30 05:00:00
2805,59.36,60.27,59.17,59.62,932992,2013-07-31 05:00:00
2806,60.2175,61.35,59.37,61.07,1139924,2013-08-01 05:00:00
2807,60.57,60.66,59.22,59.71,1685190,2013-08-02 05:00:00
2808,59.58,59.9,59.1,59.66,749837,2013-08-05 05:00:00
2809,59.5,60.2,59.27,59.58,1624457,2013-08-06 05:00:00
2810,56.04,56.92,55.6,56.31,4337410,2013-08-07 05:00:00
2811,56.35,56.74,56.02,56.73,1372812,2013-08-08 05:00:00
2812,56.88,56.96,56.45,56.79,1088714,2013-08-09 05:00:00
2813,56.59,57.14,56.51,57.06,905987,2013-08-12 05:00:00
2814,57.07,57.17,56.18,56.44,742944,2013-08-13 05:00:00
2815,56.34,56.655,55.59,55.72,952347,2013-08-14 05:00:00
2816,55.54,56.006,55.26,55.88,1151560,2013-08-15 05:00:00
2817,55.75,56.3,55.581,56.13,934429,2013-08-16 05:00:00
2818,56.16,56.295,55.68,56.02,871455,2013-08-19 05:00:00
2819,55.9,56.81,55.67,56.46,819205,2013-08-20 05:00:00
2820,56.41,57.0365,56.15,56.6,909260,2013-08-21 05:00:00
2821,56.52,57.219,56.48,56.92,654750,2013-08-22 05:00:00
2822,57.02,57.29,56.82,57.2,915064,2013-08-23 05:00:00
2823,57.9,60.57,57.9,58.83,2685629,2013-08-26 05:00:00
2824,58.18,58.57,57.33,57.61,1241193,2013-08-27 05:00:00
2825,57.58,57.72,57.055,57.47,1184239,2013-08-28 05:00:00
2826,57.51,57.93,57.24,57.43,968201,2013-08-29 05:00:00
2827,57.62,57.63,56.67,56.87,1009905,2013-08-30 05:00:00
2828,57.46,57.7,57.2,57.45,1602961,2013-09-03 05:00:00
2829,57.2,57.59,56.65,57.51,999339,2013-09-04 05:00:00
2830,57.4,58.11,57.13,57.85,1030609,2013-09-05 05:00:00
2831,58.02,58.175,57.24,57.7,1159972,2013-09-06 05:00:00
2832,57.83,58.44,57.83,58.42,1250527,2013-09-09 05:00:00
2833,58.65,59.32,58.63,59.22,1229277,2013-09-10 05:00:00
2834,59.33,60.24,59.005,60.0,1645686,2013-09-11 05:00:00
2835,59.85,60.05,59.3711,59.63,1405896,2013-09-12 05:00:00
2836,59.76,59.89,58.67,59.13,1040421,2013-09-13 05:00:00
2837,59.77,60.32,59.69,60.03,1016430,2013-09-16 05:00:00
2838,59.94,60.77,59.72,60.39,1357588,2013-09-17 05:00:00
2839,60.57,62.09,60.4,61.8,1680308,2013-09-18 05:00:00
2840,61.84,62.25,61.6,61.62,1267063,2013-09-19 05:00:00
2841,61.67,62.46,61.45,62.09,2811519,2013-09-20 05:00:00
2842,61.87,61.98,61.03,61.64,1457640,2013-09-23 05:00:00
2843,61.57,62.14,61.55,61.71,1229001,2013-09-24 05:00:00
2844,61.67,61.75,60.865,60.97,1466281,2013-09-25 05:00:00
2845,61.23,61.5,60.46,60.92,1333265,2013-09-26 05:00:00
2846,60.83,60.97,60.38,60.45,1066051,2013-09-27 05:00:00
2847,59.56,59.85,58.7,59.59,2057755,2013-09-30 05:00:00
2848,59.71,60.12,59.48,59.86,1330141,2013-10-01 05:00:00
2849,59.44,59.54,58.86,59.12,1613795,2013-10-02 05:00:00
2850,58.82,58.98,57.35,57.76,2116182,2013-10-03 05:00:00
2851,57.83,58.545,57.51,58.48,1090614,2013-10-04 05:00:00
2852,57.47,58.605,57.1,58.29,1730290,2013-10-07 05:00:00
2853,58.11,58.17,57.68,57.78,1357678,2013-10-08 05:00:00
2854,57.76,58.13,57.365,58.0,1316413,2013-10-09 05:00:00
2855,58.42,58.81,57.93,58.55,1331199,2013-10-10 05:00:00
2856,58.27,58.97,58.22,58.9,928395,2013-10-11 05:00:00
2857,58.75,59.61,58.695,59.46,824224,2013-10-14 05:00:00
2858,59.03,59.43,58.45,58.77,1546002,2013-10-15 05:00:00
2859,58.88,59.9,58.78,58.985,1327208,2013-10-16 05:00:00
2860,58.92,59.77,58.66,59.51,1250333,2013-10-17 05:00:00
2861,59.58,60.5,59.5,60.21,1534030,2013-10-18 05:00:00
2862,60.33,60.61,60.05,60.56,933166,2013-10-21 05:00:00
2863,60.68,61.09,60.24,60.72,1109050,2013-10-22 05:00:00
2864,60.56,61.02,60.51,60.9,786137,2013-10-23 05:00:00
2865,60.75,61.67,59.88,61.12,1826173,2013-10-24 05:00:00
2866,61.4,61.4,60.12,60.76,2152852,2013-10-25 05:00:00
2867,60.88,61.26,60.52,60.8,1215210,2013-10-28 05:00:00
2868,60.94,61.0,60.19,60.91,1199788,2013-10-29 05:00:00
2869,60.88,61.05,60.09,60.27,1545813,2013-10-30 05:00:00
2870,60.32,60.33,59.495,59.74,2419479,2013-10-31 05:00:00
2871,60.05,60.68,59.5,59.94,2066612,2013-11-01 05:00:00
2872,60.68,61.935,60.07,61.73,2904081,2013-11-04 06:00:00
2873,61.32,61.75,60.75,60.93,2872706,2013-11-05 06:00:00
2874,59.0,60.97,58.88,60.1,3289968,2013-11-06 06:00:00
2875,60.36,60.38,59.44,59.6,2042777,2013-11-07 06:00:00
2876,59.5,59.76,59.28,59.66,1440501,2013-11-08 06:00:00
2877,59.51,59.96,58.96,59.31,2224657,2013-11-11 06:00:00
2878,59.16,59.34,58.9,58.92,2187111,2013-11-12 06:00:00
2879,58.72,59.8801,58.54,59.7,1881290,2013-11-13 06:00:00
2880,59.97,60.14,59.7,59.92,1390062,2013-11-14 06:00:00
2881,60.25,60.44,59.69,59.98,2131869,2013-11-15 06:00:00
2882,60.08,60.65,59.95,60.08,1949404,2013-11-18 06:00:00
2883,59.96,59.96,58.53,58.95,3040262,2013-11-19 06:00:00
2884,57.84,58.4599,57.48,57.66,3949788,2013-11-20 06:00:00
2885,57.72,58.29,57.39,58.11,1417160,2013-11-21 06:00:00
2886,58.24,58.89,58.16,58.68,1345849,2013-11-22 06:00:00
2887,58.94,59.01,58.515,58.79,1072908,2013-11-25 06:00:00
2888,58.8,59.09,58.45,58.53,1961356,2013-11-26 06:00:00
2889,58.71,58.94,58.48,58.7,1153727,2013-11-27 06:00:00
2890,58.78,59.165,58.592,58.65,569482,2013-11-29 06:00:00
2891,58.81,59.11,58.27,58.48,1614015,2013-12-02 06:00:00
2892,58.22,58.47,57.86,58.14,1639615,2013-12-03 06:00:00
2893,57.87,58.38,57.47,58.25,2175472,2013-12-04 06:00:00
2894,58.19,58.45,58.0501,58.27,1264425,2013-12-05 06:00:00
2895,58.48,58.48,57.34,57.89,2457349,2013-12-06 06:00:00
2896,58.08,58.36,57.75,57.91,1365304,2013-12-09 06:00:00
2897,57.97,58.12,57.52,57.72,1464782,2013-12-10 06:00:00
2898,57.56,57.82,57.13,57.37,1872986,2013-12-11 06:00:00
2899,57.34,57.56,57.01,57.13,2123109,2013-12-12 06:00:00
2900,56.93,57.142,56.105,56.4,2896833,2013-12-13 06:00:00
2901,56.64,56.76,55.92,56.2,1995874,2013-12-16 06:00:00
2902,56.19,56.49,55.95,56.37,1795966,2013-12-17 06:00:00
2903,56.39,56.61,55.93,56.49,2085894,2013-12-18 06:00:00
2904,56.47,56.73,56.275,56.48,1625574,2013-12-19 06:00:00
2905,56.4,57.095,56.35,56.54,5227498,2013-12-20 06:00:00
2906,56.87,57.155,56.505,57.04,2337828,2013-12-23 06:00:00
2907,57.22,57.27,56.8,57.04,999549,2013-12-24 06:00:00
2908,57.26,57.32,56.91,57.13,1938389,2013-12-26 06:00:00
2909,57.1,57.78,56.92,57.72,1412752,2013-12-27 06:00:00
2910,57.18,58.43,57.18,58.22,1267515,2013-12-30 06:00:00
2911,58.24,58.55,58.085,58.35,953917,2013-12-31 06:00:00
2912,58.21,58.48,57.61,57.82,1503287,2014-01-02 06:00:00
2913,58.01,58.05,57.07,57.28,1319582,2014-01-03 06:00:00
2914,57.65,57.76,56.52,56.61,2063916,2014-01-06 06:00:00
2915,56.64,56.995,56.39,56.68,1309774,2014-01-07 06:00:00
2916,56.69,56.74,56.1,56.27,1516868,2014-01-08 06:00:00
2917,56.47,56.695,56.12,56.55,1133349,2014-01-09 06:00:00
2918,56.62,58.27,56.6,57.7,2561461,2014-01-10 06:00:00
2919,57.45,58.14,57.35,57.45,1770975,2014-01-13 06:00:00
2920,57.67,57.99,57.03,57.74,1013348,2014-01-14 06:00:00
2921,57.97,59.45,57.74,59.34,3266586,2014-01-15 06:00:00
2922,58.35,59.69,58.35,59.52,1566975,2014-01-16 06:00:00
2923,59.11,59.49,58.74,59.13,1448898,2014-01-17 06:00:00
2924,59.49,59.7,58.8,59.66,1728587,2014-01-21 06:00:00
2925,59.84,60.31,59.73,60.23,1738193,2014-01-22 06:00:00
2926,59.27,59.73,58.21,59.05,2290031,2014-01-23 06:00:00
2927,58.87,58.92,57.18,57.21,2049549,2014-01-24 06:00:00
2928,57.36,57.86,56.52,57.0,1431944,2014-01-27 06:00:00
2929,56.92,57.49,56.84,57.45,1784480,2014-01-28 06:00:00
2930,56.96,58.43,56.865,57.63,2240837,2014-01-29 06:00:00
2931,57.94,58.68,57.69,58.28,1655132,2014-01-30 06:00:00
2932,57.53,58.91,57.53,58.54,2069180,2014-01-31 06:00:00
2933,57.91,58.54,57.11,57.73,2807438,2014-02-03 06:00:00
2934,58.11,58.88,57.46,58.64,3265078,2014-02-04 06:00:00
2935,53.47,54.5,52.5,53.16,10199977,2014-02-05 06:00:00
2936,53.06,53.15,52.04,52.475,3896109,2014-02-06 06:00:00
2937,52.91,53.15,52.01,52.39,2923141,2014-02-07 06:00:00
2938,52.38,53.43,52.3,52.93,2233725,2014-02-10 06:00:00
2939,52.84,54.01,52.73,53.87,2225282,2014-02-11 06:00:00
2940,53.94,54.54,53.67,53.79,1666048,2014-02-12 06:00:00
2941,53.59,54.08,53.5,54.03,1572829,2014-02-13 06:00:00
2942,53.89,54.68,53.837,54.64,1367426,2014-02-14 06:00:00
2943,54.72,55.17,54.33,54.42,1735969,2014-02-18 06:00:00
2944,54.4,54.864,53.69,53.77,1641099,2014-02-19 06:00:00
2945,53.72,54.36,53.445,54.16,1463720,2014-02-20 06:00:00
2946,54.27,54.67,54.1,54.12,1539271,2014-02-21 06:00:00
2947,54.19,54.4795,53.33,53.34,1957501,2014-02-24 06:00:00
2948,53.11,53.53,52.2,52.42,2605593,2014-02-25 06:00:00
2949,52.47,52.77,52.2475,52.52,1460504,2014-02-26 06:00:00
2950,52.41,52.55,52.04,52.36,1491290,2014-02-27 06:00:00
2951,52.37,52.4,51.62,51.86,1823057,2014-02-28 06:00:00
2952,51.67,51.99,51.32,51.75,1867679,2014-03-03 06:00:00
2953,52.1,52.425,51.97,52.18,1613582,2014-03-04 06:00:00
2954,51.69,51.92,51.39,51.76,1620460,2014-03-05 06:00:00
2955,52.04,52.54,51.77,52.45,1408076,2014-03-06 06:00:00
2956,52.67,52.81,52.08,52.27,1244719,2014-03-07 06:00:00
2957,52.35,52.67,52.0425,52.57,1005013,2014-03-10 05:00:00
2958,52.65,52.74,52.19,52.38,1189044,2014-03-11 05:00:00
2959,52.24,52.54,51.95,52.45,1804451,2014-03-12 05:00:00
2960,52.71,52.81,51.86,52.08,1799276,2014-03-13 05:00:00
2961,51.85,52.22,51.02,51.14,2377893,2014-03-14 05:00:00
2962,51.49,51.56,50.98,51.07,1727840,2014-03-17 05:00:00
2963,51.34,51.34,50.9,50.96,1755350,2014-03-18 05:00:00
2964,50.83,50.9,50.22,50.54,2591016,2014-03-19 05:00:00
2965,50.47,50.71,50.21,50.63,1260285,2014-03-20 05:00:00
2966,50.33,51.16,50.33,51.03,3075230,2014-03-21 05:00:00
2967,51.07,51.35,50.39,50.9,1429881,2014-03-24 05:00:00
2968,51.22,51.55,51.07,51.1,1480096,2014-03-25 05:00:00
2969,51.26,51.4,50.64,50.65,1213572,2014-03-26 05:00:00
2970,50.62,51.075,50.38,51.0,1835432,2014-03-27 05:00:00
2971,51.13,51.59,50.75,50.89,1439064,2014-03-28 05:00:00
2972,51.75,52.71,51.41,52.39,2681042,2014-03-31 05:00:00
2973,52.71,52.72,51.1,52.16,2969892,2014-04-01 05:00:00
2974,52.14,53.03,52.07,52.97,1702262,2014-04-02 05:00:00
2975,52.99,53.31,52.82,53.03,1721943,2014-04-03 05:00:00
2976,53.25,53.27,52.285,52.41,1190000,2014-04-04 05:00:00
2977,52.45,52.59,52.02,52.04,1231258,2014-04-07 05:00:00
2978,52.0,52.41,51.79,52.19,1279215,2014-04-08 05:00:00
2979,52.47,52.995,52.4,52.95,1447262,2014-04-09 05:00:00
2980,53.02,54.32,53.0,53.8,3486177,2014-04-10 05:00:00
2981,54.4,55.13,53.92,54.87,4514190,2014-04-11 05:00:00
2982,55.39,55.7,55.15,55.63,2946424,2014-04-14 05:00:00
2983,55.61,56.07,54.775,55.6,2197063,2014-04-15 05:00:00
2984,55.75,56.37,55.53,56.32,2194243,2014-04-16 05:00:00
2985,56.49,56.89,56.19,56.74,1725978,2014-04-17 05:00:00
2986,56.89,57.05,56.7,57.03,1002144,2014-04-21 05:00:00
2987,57.08,57.89,56.786,57.7,1461040,2014-04-22 05:00:00
2988,57.71,58.0,57.53,57.68,1301706,2014-04-23 05:00:00
2989,58.62,58.62,56.91,56.921,2142384,2014-04-24 05:00:00
2990,56.89,56.95,56.07,56.28,2013739,2014-04-25 05:00:00
2991,56.57,57.21,56.17,56.49,2182243,2014-04-28 05:00:00
2992,56.66,56.95,55.76,55.99,3166175,2014-04-29 05:00:00
2993,59.05,60.19,58.58,58.89,6559561,2014-04-30 05:00:00
2994,58.88,58.97,58.31,58.68,1647373,2014-05-01 05:00:00
2995,58.51,58.875,58.21,58.45,1459843,2014-05-02 05:00:00
2996,58.02,58.37,57.83,58.2,1028536,2014-05-05 05:00:00
2997,58.25,58.43,57.93,58.135,1187414,2014-05-06 05:00:00
2998,58.37,58.7,57.97,58.22,1272488,2014-05-07 05:00:00
2999,58.1,58.56,58.07,58.39,1779147,2014-05-08 05:00:00
3000,58.38,58.5028,58.04,58.3,861872,2014-05-09 05:00:00
3001,58.71,59.12,58.45,59.01,1209685,2014-05-12 05:00:00
3002,59.01,59.49,58.735,59.06,1829526,2014-05-13 05:00:00
3003,58.86,58.95,58.4898,58.75,1038989,2014-05-14 05:00:00
3004,58.58,58.91,58.22,58.85,1016845,2014-05-15 05:00:00
3005,58.86,58.97,58.42,58.88,918271,2014-05-16 05:00:00
3006,58.52,59.58,58.52,59.52,1009828,2014-05-19 05:00:00
3007,59.35,59.35,58.82,59.11,871574,2014-05-20 05:00:00
3008,59.11,59.41,59.059,59.32,886250,2014-05-21 05:00:00
3009,59.32,59.7199,59.08,59.55,946550,2014-05-22 05:00:00
3010,59.57,59.705,59.18,59.63,587630,2014-05-23 05:00:00
3011,59.88,59.95,58.97,59.26,1458521,2014-05-27 05:00:00
3012,59.38,59.98,59.13,59.71,1451105,2014-05-28 05:00:00
3013,59.78,59.97,59.52,59.94,914679,2014-05-29 05:00:00
3014,59.96,59.96,59.495,59.86,1431085,2014-05-30 05:00:00
3015,59.9,60.06,59.4,59.78,1312471,2014-06-02 05:00:00
3016,59.66,59.86,59.565,59.72,1150263,2014-06-03 05:00:00
3017,59.23,59.45,59.09,59.38,1052146,2014-06-04 05:00:00
3018,59.6,60.47,59.47,60.44,1996471,2014-06-05 05:00:00
3019,60.39,61.21,60.33,61.17,1852600,2014-06-06 05:00:00
3020,61.04,61.37,60.79,60.91,1395582,2014-06-09 05:00:00
3021,60.91,61.75,60.72,61.73,1492686,2014-06-10 05:00:00
3022,61.57,62.094,61.27,61.91,2172521,2014-06-11 05:00:00
3023,61.58,61.98,61.48,61.82,1857879,2014-06-12 05:00:00
3024,61.88,62.06,61.65,62.01,861326,2014-06-13 05:00:00
3025,61.93,62.5,61.72,62.46,1198603,2014-06-16 05:00:00
3026,62.48,62.55,62.01,62.24,1389146,2014-06-17 05:00:00
3027,62.39,63.66,62.295,63.53,2157233,2014-06-18 05:00:00
3028,63.43,63.71,63.24,63.69,1254023,2014-06-19 05:00:00
3029,64.03,64.09,63.58,63.92,2777204,2014-06-20 05:00:00
3030,64.03,64.04,63.655,63.81,1183795,2014-06-23 05:00:00
3031,63.56,64.04,62.92,62.96,1636766,2014-06-24 05:00:00
3032,62.96,63.6,62.91,63.5,1118775,2014-06-25 05:00:00
3033,63.47,63.73,62.88,63.73,949062,2014-06-26 05:00:00
3034,63.6,63.97,63.38,63.8,901363,2014-06-27 05:00:00
3035,62.595,63.82,62.595,63.79,971488,2014-06-30 05:00:00
3036,64.07,64.285,63.52,63.53,1186835,2014-07-01 05:00:00
3037,63.59,64.39,63.3,64.13,1310407,2014-07-02 05:00:00
3038,64.36,64.39,63.93,64.38,751376,2014-07-03 05:00:00
3039,64.19,64.28,63.91,64.11,1407122,2014-07-07 05:00:00
3040,64.0,64.32,63.34,63.39,1846020,2014-07-08 05:00:00
3041,63.79,64.3,63.79,64.0,1251778,2014-07-09 05:00:00
3042,63.09,63.73,63.09,63.455,1553015,2014-07-10 05:00:00
3043,63.49,63.67,63.29,63.44,892186,2014-07-11 05:00:00
3044,63.64,63.98,63.55,63.74,1467761,2014-07-14 05:00:00
3045,63.97,64.585,63.765,64.31,2109541,2014-07-15 05:00:00
3046,64.49,65.21,64.25,65.2,1434907,2014-07-16 05:00:00
3047,64.77,65.03,64.1,64.15,1386393,2014-07-17 05:00:00
3048,64.28,64.9,64.01,64.87,1203253,2014-07-18 05:00:00
3049,64.73,65.65,64.6,65.48,2290045,2014-07-21 05:00:00
3050,65.94,66.13,65.67,65.96,1195064,2014-07-22 05:00:00
3051,65.91,66.5,65.7,66.11,985631,2014-07-23 05:00:00
3052,66.13,66.65,65.98,66.52,903314,2014-07-24 05:00:00
3053,66.44,66.69,66.08,66.21,746308,2014-07-25 05:00:00
3054,66.08,66.15,65.42,65.61,884225,2014-07-28 05:00:00
3055,65.6,65.61,64.36,64.41,2077963,2014-07-29 05:00:00
3056,67.89,69.5,65.73,68.53,5014493,2014-07-30 05:00:00
3057,68.0,68.72,67.315,67.46,3121121,2014-07-31 05:00:00
3058,67.45,68.03,67.14,67.7,2656676,2014-08-01 05:00:00
3059,68.07,68.72,67.53,68.46,6262767,2014-08-04 05:00:00
3060,68.46,68.55,67.06,67.32,3051666,2014-08-05 05:00:00
3061,67.07,67.07,66.05,66.22,2286862,2014-08-06 05:00:00
3062,66.65,67.02,65.88,66.67,1446092,2014-08-07 05:00:00
3063,66.76,67.46,66.26,67.39,1506164,2014-08-08 05:00:00
3064,67.46,68.12,67.46,67.51,1046403,2014-08-11 05:00:00
3065,67.49,67.95,67.42,67.71,776570,2014-08-12 05:00:00
3066,68.08,68.14,67.23,67.5,1488239,2014-08-13 05:00:00
3067,67.74,67.89,66.96,67.22,1544091,2014-08-14 05:00:00
3068,67.64,67.67,66.68,67.17,2409235,2014-08-15 05:00:00
3069,67.46,68.29,67.46,68.15,1081570,2014-08-18 05:00:00
3070,68.32,68.72,68.17,68.63,1050974,2014-08-19 05:00:00
3071,68.4,68.89,68.23,68.66,1069100,2014-08-20 05:00:00
3072,68.66,68.88,68.41,68.62,896557,2014-08-21 05:00:00
3073,68.57,68.73,68.24,68.45,697960,2014-08-22 05:00:00
3074,68.75,68.99,68.5,68.56,832830,2014-08-25 05:00:00
3075,68.61,68.86,68.31,68.45,1445459,2014-08-26 05:00:00
3076,68.57,68.57,67.99,68.22,629763,2014-08-27 05:00:00
3077,68.16,68.305,67.73,68.06,994653,2014-08-28 05:00:00
3078,68.49,68.58,68.0875,68.26,795595,2014-08-29 05:00:00
3079,68.34,68.5,68.08,68.37,987408,2014-09-02 05:00:00
3080,67.57,67.57,66.63,66.9,2892236,2014-09-03 05:00:00
3081,66.97,67.47,66.92,67.33,1474713,2014-09-04 05:00:00
3082,67.48,67.85,66.94,67.76,1048050,2014-09-05 05:00:00
3083,67.84,68.12,67.385,67.51,679483,2014-09-08 05:00:00
3084,67.51,67.69,66.72,66.91,1100265,2014-09-09 05:00:00
3085,66.74,67.02,66.46,66.73,777097,2014-09-10 05:00:00
3086,66.57,67.03,66.43,66.99,1338117,2014-09-11 05:00:00
3087,67.07,67.2843,66.83,67.17,858236,2014-09-12 05:00:00
3088,67.14,67.28,66.6,67.05,779221,2014-09-15 05:00:00
3089,67.09,67.3,66.86,67.2,1157161,2014-09-16 05:00:00
3090,67.41,68.22,67.25,68.08,1308803,2014-09-17 05:00:00
3091,68.08,68.28,67.84,68.23,1188599,2014-09-18 05:00:00
3092,68.28,68.57,67.3555,67.82,1716259,2014-09-19 05:00:00
3093,67.58,67.58,66.67,66.74,782561,2014-09-22 05:00:00
3094,66.63,66.815,66.27,66.44,939632,2014-09-23 05:00:00
3095,66.36,66.77,66.05,66.69,1035433,2014-09-24 05:00:00
3096,66.5,66.62,65.49,65.56,1109489,2014-09-25 05:00:00
3097,65.61,66.37,65.6,66.35,1014671,2014-09-26 05:00:00
3098,65.86,66.63,65.63,66.45,1222829,2014-09-29 05:00:00
3099,66.29,66.7,66.04,66.32,1412294,2014-09-30 05:00:00
3100,66.18,66.32,65.15,65.19,1618353,2014-10-01 05:00:00
3101,65.0,66.2,64.59,66.1,1924495,2014-10-02 05:00:00
3102,66.52,67.45,66.41,67.24,1416165,2014-10-03 05:00:00
3103,67.4,68.02,66.675,66.73,797704,2014-10-06 05:00:00
3104,66.48,66.48,65.42,65.43,836850,2014-10-07 05:00:00
3105,65.23,66.33,64.81,66.28,849786,2014-10-08 05:00:00
3106,66.25,66.65,65.03,65.2,966849,2014-10-09 05:00:00
3107,65.17,65.38,64.18,64.62,1207322,2014-10-10 05:00:00
3108,64.15,65.17,63.42,63.445,1496640,2014-10-13 05:00:00
3109,64.95,66.195,64.63,65.58,1516660,2014-10-14 05:00:00
3110,65.46,67.31,64.79,67.1,2267156,2014-10-15 05:00:00
3111,66.23,67.4447,65.52,66.86,1461792,2014-10-16 05:00:00
3112,67.46,68.15,67.21,67.98,1254304,2014-10-17 05:00:00
3113,67.7,69.0,67.7,68.99,1548079,2014-10-20 05:00:00
3114,69.19,70.15,68.85,69.93,1113595,2014-10-21 05:00:00
3115,70.11,70.5,69.51,69.53,1365466,2014-10-22 05:00:00
3116,70.42,71.2243,69.99,70.61,1061277,2014-10-23 05:00:00
3117,71.01,71.31,70.49,71.15,1083070,2014-10-24 05:00:00
3118,70.39,72.14,69.7972,71.7,2279424,2014-10-27 05:00:00
3119,71.7,72.57,71.595,72.34,2794990,2014-10-28 05:00:00
3120,74.35,74.95,71.77,72.1,3934784,2014-10-29 05:00:00
3121,70.57,72.1,68.57,69.22,3322083,2014-10-30 05:00:00
3122,70.1,70.18,68.28,69.21,2359009,2014-10-31 05:00:00
3123,69.28,69.438,67.88,68.69,1960947,2014-11-03 06:00:00
3124,68.93,70.62,68.8367,70.12,3034515,2014-11-04 06:00:00
3125,70.77,71.87,69.96,71.45,2198151,2014-11-05 06:00:00
3126,71.34,71.98,70.835,71.595,1708499,2014-11-06 06:00:00
3127,71.91,71.91,70.92,71.46,1012794,2014-11-07 06:00:00
3128,71.41,72.23,70.95,72.17,1301319,2014-11-10 06:00:00
3129,72.12,72.154,71.4236,71.75,799109,2014-11-11 06:00:00
3130,71.61,73.01,71.43,72.86,1485974,2014-11-12 06:00:00
3131,72.275,73.12,72.275,73.105,1126874,2014-11-13 06:00:00
3132,73.21,73.76,72.81,73.07,1151004,2014-11-14 06:00:00
3133,72.78,73.1699,72.485,72.515,988122,2014-11-17 06:00:00
3134,72.63,72.96,72.35,72.54,1149351,2014-11-18 06:00:00
3135,72.37,72.6399,71.43,71.48,1443990,2014-11-19 06:00:00
3136,71.4,72.49,71.25,72.29,1792565,2014-11-20 06:00:00
3137,73.22,73.33,72.66,72.82,1286643,2014-11-21 06:00:00
3138,72.87,73.05,72.48,72.62,1022205,2014-11-24 06:00:00
3139,72.82,73.335,72.7,73.04,1002356,2014-11-25 06:00:00
3140,73.11,73.68,73.02,73.4,834595,2014-11-26 06:00:00
3141,74.44,74.92,73.475,73.74,856469,2014-11-28 06:00:00
3142,73.39,73.67,72.31,72.51,1044796,2014-12-01 06:00:00
3143,73.1,73.94,72.71,73.61,1532487,2014-12-02 06:00:00
3144,73.58,74.715,73.49,74.57,1479573,2014-12-03 06:00:00
3145,74.57,74.9,73.99,74.45,1145319,2014-12-04 06:00:00
3146,74.65,75.2,74.3701,74.63,1448777,2014-12-05 06:00:00
3147,74.25,74.77,73.87,74.07,1452299,2014-12-08 06:00:00
3148,73.57,73.76,72.55,73.25,1573385,2014-12-09 06:00:00
3149,72.84,73.18,71.75,71.81,1804040,2014-12-10 06:00:00
3150,71.83,72.92,71.79,72.48,1438847,2014-12-11 06:00:00
3151,72.23,72.84,71.8801,72.285,1375529,2014-12-12 06:00:00
3152,72.78,73.23,72.05,72.18,1181247,2014-12-15 06:00:00
3153,72.26,73.15,71.9,71.92,832806,2014-12-16 06:00:00
3154,71.65,71.94,69.14,71.88,2196084,2014-12-17 06:00:00
3155,72.64,74.15,72.21,74.07,1424935,2014-12-18 06:00:00
3156,74.17,76.38,74.17,76.31,3423824,2014-12-19 06:00:00
3157,76.28,76.83,75.73,76.81,1663080,2014-12-22 06:00:00
3158,77.11,77.37,76.74,77.02,701682,2014-12-23 06:00:00
3159,77.13,77.38,76.69,77.16,426887,2014-12-24 06:00:00
3160,77.25,77.49,76.67,76.75,653041,2014-12-26 06:00:00
3161,76.5,76.74,75.91,76.39,658012,2014-12-29 06:00:00
3162,76.0,76.43,75.62,75.69,1061749,2014-12-30 06:00:00
3163,76.04,76.25,74.85,74.89,1064536,2014-12-31 06:00:00
3164,74.85,75.24,73.021,73.84,2056053,2015-01-02 06:00:00
3165,73.37,73.37,70.32,70.6,8424769,2015-01-05 06:00:00
3166,71.9,71.95,69.23,69.68,3893890,2015-01-06 06:00:00
3167,69.83,70.32,69.23,69.71,2067860,2015-01-07 06:00:00
3168,70.67,72.9,70.63,72.84,3020740,2015-01-08 06:00:00
3169,72.8,73.13,71.72,72.06,1246048,2015-01-09 06:00:00
3170,72.46,73.555,71.98,72.9,1424160,2015-01-12 06:00:00
3171,73.36,74.69,73.03,73.61,1776340,2015-01-13 06:00:00
3172,73.02,73.47,72.38,72.97,1205437,2015-01-14 06:00:00
3173,73.23,73.52,72.29,72.51,1142922,2015-01-15 06:00:00
3174,72.51,73.54,72.0,73.45,840113,2015-01-16 06:00:00
3175,73.65,73.82,72.33,72.87,1151862,2015-01-20 06:00:00
3176,72.58,73.49,72.3101,72.82,932930,2015-01-21 06:00:00
3177,73.29,74.9,73.04,74.73,1132539,2015-01-22 06:00:00
3178,74.52,74.88,74.07,74.12,919747,2015-01-23 06:00:00
3179,73.83,74.68,73.52,74.64,708073,2015-01-26 06:00:00
3180,73.76,74.107,73.01,73.735,1124315,2015-01-27 06:00:00
3181,74.09,74.42,72.87,72.94,992631,2015-01-28 06:00:00
3182,72.86,73.38,71.92,73.31,1591569,2015-01-29 06:00:00
3183,72.63,73.11,70.98,71.22,2436400,2015-01-30 06:00:00
3184,72.01,73.58,71.69,73.44,4363698,2015-02-02 06:00:00
3185,74.64,75.49,73.25,75.23,9185898,2015-02-03 06:00:00
3186,72.0,72.0,67.11,70.5,10238706,2015-02-04 06:00:00
3187,70.65,71.47,70.36,70.97,3350750,2015-02-05 06:00:00
3188,71.2,71.21,70.34,70.51,2365765,2015-02-06 06:00:00
3189,70.38,70.59,69.84,70.495,1914349,2015-02-09 06:00:00
3190,70.9,71.48,70.36,71.15,1757573,2015-02-10 06:00:00
3191,71.24,71.96,71.17,71.25,1825544,2015-02-11 06:00:00
3192,71.55,72.13,71.325,71.83,1415970,2015-02-12 06:00:00
3193,72.09,72.74,71.93,72.58,1367027,2015-02-13 06:00:00
3194,72.32,72.47,71.65,71.81,1005122,2015-02-17 06:00:00
3195,71.49,72.4,70.62,71.38,1243290,2015-02-18 06:00:00
3196,71.38,72.39,70.99,71.84,904132,2015-02-19 06:00:00
3197,71.61,72.6,71.05,72.5,965650,2015-02-20 06:00:00
3198,72.53,73.2,72.35,73.14,885096,2015-02-23 06:00:00
3199,73.05,74.0,72.78,73.98,1182146,2015-02-24 06:00:00
3200,74.16,74.55,73.48,73.55,1105629,2015-02-25 06:00:00
3201,73.62,74.26,73.15,74.21,1289124,2015-02-26 06:00:00
3202,74.1,74.59,73.76,74.3,1620513,2015-02-27 06:00:00
3203,74.4,74.46,73.41,73.6,2058351,2015-03-02 06:00:00
3204,74.52,75.21,74.25,74.67,3108826,2015-03-03 06:00:00
3205,74.16,74.23,73.73,73.96,1301101,2015-03-04 06:00:00
3206,74.01,74.31,73.6,74.12,932294,2015-03-05 06:00:00
3207,73.56,74.11,73.39,73.58,1139675,2015-03-06 06:00:00
3208,73.52,74.19,73.37,73.91,973171,2015-03-09 05:00:00
3209,73.16,73.17,72.32,72.49,1662287,2015-03-10 05:00:00
3210,72.02,72.55,71.66,72.48,1676582,2015-03-11 05:00:00
3211,72.66,74.07,72.61,73.97,1125478,2015-03-12 05:00:00
3212,73.82,74.02,73.02,73.45,1370025,2015-03-13 05:00:00
3213,74.7,75.43,73.99,75.35,1976358,2015-03-16 05:00:00
3214,74.69,75.09,74.21,74.66,1165708,2015-03-17 05:00:00
3215,74.23,75.39,73.7601,75.19,1205976,2015-03-18 05:00:00
3216,75.14,75.458,74.78,75.16,1493391,2015-03-19 05:00:00
3217,75.65,76.06,75.05,75.4,3329139,2015-03-20 05:00:00
3218,75.96,76.1799,75.67,75.74,2063580,2015-03-23 05:00:00
3219,75.59,76.01,74.81,75.06,2802396,2015-03-24 05:00:00
3220,75.06,75.23,73.3,73.31,1560864,2015-03-25 05:00:00
3221,72.88,73.56,72.43,73.14,1592817,2015-03-26 05:00:00
3222,73.06,73.255,72.77,73.025,1467816,2015-03-27 05:00:00
3223,73.11,73.7,72.801,73.2,1701299,2015-03-30 05:00:00
3224,73.09,73.79,72.65,73.22,1427276,2015-03-31 05:00:00
3225,72.85,73.09,71.92,71.99,1441007,2015-04-01 05:00:00
3226,72.15,72.33,71.25,71.335,2028538,2015-04-02 05:00:00
3227,70.84,71.62,70.65,71.28,1449749,2015-04-06 05:00:00
3228,71.43,72.025,71.16,71.41,1211497,2015-04-07 05:00:00
3229,71.11,71.883,70.34,71.22,1214136,2015-04-08 05:00:00
3230,71.19,71.87,71.19,71.64,1140448,2015-04-09 05:00:00
3231,71.83,72.27,71.51,72.06,1039479,2015-04-10 05:00:00
3232,71.85,71.9,70.23,70.37,1490002,2015-04-13 05:00:00
3233,70.13,71.1,69.58,70.78,1600214,2015-04-14 05:00:00
3234,70.75,71.22,69.84,70.23,1583984,2015-04-15 05:00:00
3235,70.03,70.1725,69.38,69.51,1106692,2015-04-16 05:00:00
3236,68.72,68.96,68.36,68.57,1847306,2015-04-17 05:00:00
3237,69.07,70.7,68.86,70.09,1567438,2015-04-20 05:00:00
3238,70.18,70.87,70.03,70.54,1353847,2015-04-21 05:00:00
3239,70.49,70.65,70.02,70.43,927197,2015-04-22 05:00:00
3240,70.06,70.998,70.04,70.62,937026,2015-04-23 05:00:00
3241,70.85,70.92,70.23,70.65,1028851,2015-04-24 05:00:00
3242,67.5,69.96,67.27,68.94,5273600,2015-04-27 05:00:00
3243,66.15,66.5,64.94,65.73,6254526,2015-04-28 05:00:00
3244,64.83,65.36,64.01,64.725,3014379,2015-04-29 05:00:00
3245,64.42,64.72,64.01,64.39,2555544,2015-04-30 05:00:00
3246,64.72,65.39,64.51,64.74,1896001,2015-05-01 05:00:00
3247,65.83,66.52,65.31,66.08,3001252,2015-05-04 05:00:00
3248,65.68,66.01,63.96,63.99,1803861,2015-05-05 05:00:00
3249,64.45,64.76,63.87,64.55,1638997,2015-05-06 05:00:00
3250,64.44,65.95,64.44,65.23,1755167,2015-05-07 05:00:00
3251,65.89,66.84,65.66,65.7,1856033,2015-05-08 05:00:00
3252,65.43,66.0,65.0,65.27,1234202,2015-05-11 05:00:00
3253,64.97,65.22,64.6,64.99,1130823,2015-05-12 05:00:00
3254,64.95,65.5496,64.42,64.54,1133603,2015-05-13 05:00:00
3255,64.9,64.91,64.1,64.38,1563943,2015-05-14 05:00:00
3256,64.55,65.0899,64.26,64.52,1043532,2015-05-15 05:00:00
3257,64.53,65.53,64.34,65.41,1402492,2015-05-18 05:00:00
3258,65.41,65.77,64.78,64.86,1260687,2015-05-19 05:00:00
3259,64.83,64.916,63.86,63.91,904698,2015-05-20 05:00:00
3260,63.94,64.49,63.74,64.26,1543701,2015-05-21 05:00:00
3261,64.08,64.2136,63.82,64.03,1066926,2015-05-22 05:00:00
3262,63.39,63.59,62.68,62.93,1893288,2015-05-26 05:00:00
3263,62.98,63.547,62.58,63.36,1290649,2015-05-27 05:00:00
3264,63.31,63.57,62.27,62.5,1618058,2015-05-28 05:00:00
3265,62.35,62.69,61.55,61.73,2290911,2015-05-29 05:00:00
3266,62.04,62.29,61.46,62.11,1615872,2015-06-01 05:00:00
3267,61.65,62.33,61.46,61.64,3272268,2015-06-02 05:00:00
3268,61.97,64.98,61.9,64.62,3306960,2015-06-03 05:00:00
3269,64.09,64.29,63.14,63.35,2388952,2015-06-04 05:00:00
3270,63.07,64.41,63.07,64.18,2217296,2015-06-05 05:00:00
3271,63.96,64.0,63.21,63.35,1609562,2015-06-08 05:00:00
3272,63.15,64.65,63.06,63.77,2153683,2015-06-09 05:00:00
3273,63.95,64.54,63.695,63.82,1148102,2015-06-10 05:00:00
3274,63.89,64.44,63.6,64.32,1102513,2015-06-11 05:00:00
3275,63.99,64.17,63.14,63.7,1500845,2015-06-12 05:00:00
3276,63.22,63.81,62.78,63.75,1344642,2015-06-15 05:00:00
3277,63.63,64.09,63.52,63.93,1674101,2015-06-16 05:00:00
3278,63.92,64.29,63.69,64.025,1580670,2015-06-17 05:00:00
3279,64.29,65.45,64.15,64.8,2004893,2015-06-18 05:00:00
3280,64.76,64.88,64.06,64.21,1419736,2015-06-19 05:00:00
3281,64.66,64.8,64.055,64.16,778155,2015-06-22 05:00:00
3282,64.7,64.7,63.58,63.77,718767,2015-06-23 05:00:00
3283,63.92,64.12,62.57,62.6,1170663,2015-06-24 05:00:00
3284,62.74,63.0,62.37,62.47,1087163,2015-06-25 05:00:00
3285,62.7,63.28,62.45,63.04,1332946,2015-06-26 05:00:00
3286,62.46,62.97,61.68,61.69,1239360,2015-06-29 05:00:00
3287,62.36,63.74,62.07,62.39,1400969,2015-06-30 05:00:00
3288,62.79,62.94,62.21,62.27,1254039,2015-07-01 05:00:00
3289,62.53,63.14,62.39,63.06,1604782,2015-07-02 05:00:00
3290,62.17,63.06,61.9,62.16,1141928,2015-07-06 05:00:00
3291,62.3,63.26,61.99,63.2,1494204,2015-07-07 05:00:00
3292,62.65,62.97,61.64,61.89,1283836,2015-07-08 05:00:00
3293,62.72,63.11,62.16,62.16,971898,2015-07-09 05:00:00
3294,62.78,63.81,62.37,63.55,1265310,2015-07-10 05:00:00
3295,63.73,64.93,63.67,64.83,1199921,2015-07-13 05:00:00
3296,64.79,64.86,64.09,64.32,1183286,2015-07-14 05:00:00
3297,64.4,64.64,62.875,63.04,1324228,2015-07-15 05:00:00
3298,63.32,63.788,63.105,63.32,949185,2015-07-16 05:00:00
3299,63.26,64.1,62.9,63.0,1258419,2015-07-17 05:00:00
3300,63.04,63.75,62.94,63.67,866078,2015-07-20 05:00:00
3301,63.76,65.66,63.4538,65.39,2126626,2015-07-21 05:00:00
3302,65.27,66.0,65.11,65.25,1704190,2015-07-22 05:00:00
3303,65.0,65.11,64.3,64.42,1105258,2015-07-23 05:00:00
3304,64.45,64.84,63.98,64.31,989534,2015-07-24 05:00:00
3305,63.86,64.93,63.86,64.76,1285988,2015-07-27 05:00:00
3306,64.8,66.88,64.39,66.73,2039359,2015-07-28 05:00:00
3307,70.0,71.336,69.11,69.85,3464914,2015-07-29 05:00:00
3308,69.44,70.01,69.0001,69.87,2483069,2015-07-30 05:00:00
3309,70.32,70.59,69.65,70.15,1433716,2015-07-31 05:00:00
3310,70.14,70.9399,70.02,70.72,1554528,2015-08-03 05:00:00
3311,70.81,71.38,70.01,70.42,2144804,2015-08-04 05:00:00
3312,71.09,71.4999,70.19,70.31,1329265,2015-08-05 05:00:00
3313,70.55,70.58,69.02,69.67,1278012,2015-08-06 05:00:00
3314,69.56,69.56,68.23,68.85,1235129,2015-08-07 05:00:00
3315,69.51,69.94,69.22,69.58,790201,2015-08-10 05:00:00
3316,69.19,70.04,68.87,69.84,1065630,2015-08-11 05:00:00
3317,69.16,69.2,68.42,69.1,1670993,2015-08-12 05:00:00
3318,69.03,69.2699,68.59,68.71,813010,2015-08-13 05:00:00
3319,68.85,69.47,68.66,69.4,678930,2015-08-14 05:00:00
3320,69.21,69.72,68.54,69.69,976651,2015-08-17 05:00:00
3321,69.72,70.37,69.48,69.75,1151983,2015-08-18 05:00:00
3322,70.06,71.15,69.22,70.83,1780740,2015-08-19 05:00:00
3323,70.02,70.32,69.1334,69.22,1671040,2015-08-20 05:00:00
3324,68.36,68.86,67.0945,67.24,1545765,2015-08-21 05:00:00
3325,65.17,66.81,64.09,65.16,3481531,2015-08-24 05:00:00
3326,65.87,66.4499,64.09,64.14,2283243,2015-08-25 05:00:00
3327,65.74,67.31,65.53,67.26,2446983,2015-08-26 05:00:00
3328,67.7,68.0,66.78,67.82,1545098,2015-08-27 05:00:00
3329,67.69,68.05,66.7101,67.24,1917880,2015-08-28 05:00:00
3330,66.97,68.1,66.59,67.43,1336251,2015-08-31 05:00:00
3331,66.08,67.08,65.74,66.0,1640641,2015-09-01 05:00:00
3332,67.29,68.75,66.93,68.74,3147423,2015-09-02 05:00:00
3333,68.72,69.37,68.08,68.2,1390103,2015-09-03 05:00:00
3334,67.42,68.23,67.32,67.7,1207529,2015-09-04 05:00:00
3335,68.76,69.12,68.165,68.94,1287317,2015-09-08 05:00:00
3336,69.51,69.59,68.58,68.83,1155098,2015-09-09 05:00:00
3337,68.33,69.48,68.16,69.0,1479345,2015-09-10 05:00:00
3338,68.79,69.07,68.21,68.68,1364054,2015-09-11 05:00:00
3339,69.09,69.43,68.39,68.6,751190,2015-09-14 05:00:00
3340,68.7,69.64,68.47,69.49,1074796,2015-09-15 05:00:00
3341,69.46,69.92,69.1,69.79,988436,2015-09-16 05:00:00
3342,69.84,69.99,68.89,69.03,1032810,2015-09-17 05:00:00
3343,68.17,68.34,67.45,67.57,2349950,2015-09-18 05:00:00
3344,67.81,68.86,67.569,68.52,695795,2015-09-21 05:00:00
3345,67.56,67.84,66.45,66.86,1105284,2015-09-22 05:00:00
3346,66.82,67.569,66.525,67.4,1376227,2015-09-23 05:00:00
3347,67.24,67.94,66.46,67.53,2097418,2015-09-24 05:00:00
3348,67.65,68.8,67.195,68.53,1410631,2015-09-25 05:00:00
3349,68.73,69.44,67.82,67.86,1758928,2015-09-28 05:00:00
3350,67.71,68.24,67.62,68.15,2089001,2015-09-29 05:00:00
3351,67.58,68.36,67.41,67.78,2064235,2015-09-30 05:00:00
3352,68.16,68.23,66.89,67.71,1675053,2015-10-01 05:00:00
3353,66.81,68.83,66.535,68.81,1565077,2015-10-02 05:00:00
3354,69.18,70.38,68.95,70.04,1397629,2015-10-05 05:00:00
3355,70.28,70.29,69.33,70.24,1225177,2015-10-06 05:00:00
3356,70.25,71.02,69.8,70.18,2008683,2015-10-07 05:00:00
3357,70.04,71.06,69.42,70.89,1710300,2015-10-08 05:00:00
3358,71.12,72.39,70.85,71.71,1979109,2015-10-09 05:00:00
3359,72.08,72.29,71.413,72.0,895488,2015-10-12 05:00:00
3360,71.85,72.2,71.29,71.35,1012284,2015-10-13 05:00:00
3361,71.61,72.01,70.65,70.96,1340787,2015-10-14 05:00:00
3362,71.25,72.515,70.37,72.3,1098124,2015-10-15 05:00:00
3363,71.27,72.62,71.27,71.75,818560,2015-10-16 05:00:00
3364,71.49,72.31,71.23,71.9,827158,2015-10-19 05:00:00
3365,71.69,72.605,71.69,72.13,861648,2015-10-20 05:00:00
3366,72.48,72.97,71.78,71.86,1120883,2015-10-21 05:00:00
3367,72.35,73.22,72.31,72.72,1563224,2015-10-22 05:00:00
3368,73.24,73.27,72.37,72.79,1229547,2015-10-23 05:00:00
3369,73.08,73.34,72.08,72.5,1176465,2015-10-26 05:00:00
3370,71.57,72.91,69.81,69.99,3199434,2015-10-27 05:00:00
3371,70.72,70.965,66.54,67.99,3932288,2015-10-28 05:00:00
3372,67.9,69.49,67.67,69.38,1882235,2015-10-29 05:00:00
3373,69.31,69.79,68.92,69.38,1333996,2015-10-30 05:00:00
3374,69.38,70.33,69.38,70.24,978579,2015-11-02 06:00:00
3375,70.16,70.38,69.745,70.14,705785,2015-11-03 06:00:00
3376,69.97,70.26,68.3,68.71,1281392,2015-11-04 06:00:00
3377,68.77,68.91,67.73,68.3,1215038,2015-11-05 06:00:00
3378,68.55,68.73,67.62,68.72,1029089,2015-11-06 06:00:00
3379,68.35,68.57,67.19,67.82,973302,2015-11-09 06:00:00
3380,67.63,69.09,67.63,68.75,928791,2015-11-10 06:00:00
3381,68.93,69.2499,68.34,68.75,560086,2015-11-11 06:00:00
3382,68.25,69.045,67.43,67.48,791143,2015-11-12 06:00:00
3383,67.38,67.83,66.69,67.02,707930,2015-11-13 06:00:00
3384,67.18,67.65,66.67,67.41,770378,2015-11-16 06:00:00
3385,67.34,68.76,66.6,67.83,830498,2015-11-17 06:00:00
3386,67.84,68.39,67.54,68.28,835279,2015-11-18 06:00:00
3387,68.19,69.025,67.92,68.31,825623,2015-11-19 06:00:00
3388,68.58,69.55,68.034,68.53,728182,2015-11-20 06:00:00
3389,68.79,69.06,68.17,68.25,977750,2015-11-23 06:00:00
3390,68.12,69.719,67.67,68.22,844384,2015-11-24 06:00:00
3391,68.43,68.8446,68.21,68.61,700813,2015-11-25 06:00:00
3392,68.66,69.32,68.66,68.86,348531,2015-11-27 06:00:00
3393,68.84,69.45,67.38,67.43,1100796,2015-11-30 06:00:00
3394,67.74,68.46,67.21,67.95,828933,2015-12-01 06:00:00
3395,64.87,65.31,62.82,63.58,6043135,2015-12-02 06:00:00
3396,63.35,64.21,61.89,62.22,4134687,2015-12-03 06:00:00
3397,62.09,63.19,62.09,62.8,2946393,2015-12-04 06:00:00
3398,62.51,63.05,61.71,62.08,1868149,2015-12-07 06:00:00
3399,61.56,61.87,59.71,60.51,3412459,2015-12-08 06:00:00
3400,60.64,61.77,60.12,60.55,1811921,2015-12-09 06:00:00
3401,60.64,61.66,60.23,61.51,2173031,2015-12-10 06:00:00
3402,60.92,62.11,60.61,62.0,2767015,2015-12-11 06:00:00
3403,62.0,62.18,61.15,61.68,2361432,2015-12-14 06:00:00
3404,61.9,63.21,61.21,62.61,2628900,2015-12-15 06:00:00
3405,63.53,64.47,63.5,64.27,2123599,2015-12-16 06:00:00
3406,64.48,65.1,64.19,64.2,2634744,2015-12-17 06:00:00
3407,63.68,63.84,61.77,62.36,7190966,2015-12-18 06:00:00
3408,63.01,63.08,61.94,62.5,1284461,2015-12-21 06:00:00
3409,62.87,63.42,62.46,63.4,1269240,2015-12-22 06:00:00
3410,63.61,64.13,63.38,63.98,1275306,2015-12-23 06:00:00
3411,63.96,64.54,63.29,63.53,571681,2015-12-24 06:00:00
3412,63.39,63.53,62.57,63.18,811523,2015-12-28 06:00:00
3413,63.73,63.73,62.325,63.19,994990,2015-12-29 06:00:00
3414,62.88,63.4,62.3,62.36,1502132,2015-12-30 06:00:00
3415,62.23,62.64,61.86,62.02,1614006,2015-12-31 06:00:00
3416,61.09,62.02,60.31,61.79,3072337,2016-01-04 06:00:00
3417,61.69,63.92,61.1101,63.47,3966989,2016-01-05 06:00:00
3418,62.33,63.43,62.05,63.16,2929004,2016-01-06 06:00:00
3419,64.0,64.08,62.67,63.09,3114636,2016-01-07 06:00:00
3420,63.24,63.88,62.85,63.12,2448836,2016-01-08 06:00:00
3421,63.07,63.26,61.11,61.75,1868457,2016-01-11 06:00:00
3422,61.99,63.2,61.95,62.98,1410057,2016-01-12 06:00:00
3423,63.06,63.59,62.49,62.69,2142958,2016-01-13 06:00:00
3424,62.84,63.53,62.05,63.13,1691073,2016-01-14 06:00:00
3425,61.93,63.93,61.845,63.56,2358425,2016-01-15 06:00:00
3426,64.48,64.49,62.945,63.66,1469507,2016-01-19 06:00:00
3427,62.77,64.32,62.18,63.73,1437690,2016-01-20 06:00:00
3428,64.3,65.23,63.72,64.51,1999157,2016-01-21 06:00:00
3429,65.09,65.5,64.03,64.23,1832445,2016-01-22 06:00:00
3430,62.75,64.0,62.61,62.72,2699457,2016-01-25 06:00:00
3431,63.1,64.35,62.73,64.07,2391755,2016-01-26 06:00:00
3432,64.0,65.11,63.05,63.18,1995579,2016-01-27 06:00:00
3433,63.55,64.17,62.72,63.05,1966839,2016-01-28 06:00:00
3434,63.26,64.78,63.05,64.77,1821877,2016-01-29 06:00:00
3435,64.05,65.63,63.94,65.21,1844335,2016-02-01 06:00:00
3436,64.38,65.21,62.92,63.48,2705732,2016-02-02 06:00:00
3437,65.21,66.61,64.268,64.91,3450218,2016-02-03 06:00:00
3438,65.68,67.47,65.12,67.45,2291970,2016-02-04 06:00:00
3439,66.96,68.88,66.51,68.08,3083909,2016-02-05 06:00:00
3440,67.68,69.61,67.66,69.52,2430104,2016-02-08 06:00:00
3441,68.78,70.4,68.4175,69.69,1859919,2016-02-09 06:00:00
3442,69.79,70.66,68.58,68.63,2082294,2016-02-10 06:00:00
3443,68.0,69.15,67.7,68.83,1588235,2016-02-11 06:00:00
3444,69.12,70.37,69.12,70.16,1520512,2016-02-12 06:00:00
3445,70.16,71.62,69.925,71.21,1691125,2016-02-16 06:00:00
3446,71.24,71.8825,70.38,70.84,1656009,2016-02-17 06:00:00
3447,70.69,71.11,70.1,70.96,1248175,2016-02-18 06:00:00
3448,70.69,70.69,69.24,70.48,2010427,2016-02-19 06:00:00
3449,71.42,71.87,69.7,70.07,2660523,2016-02-22 06:00:00
3450,69.37,70.06,68.988,69.53,1371323,2016-02-23 06:00:00
3451,69.2,70.36,68.965,70.23,1532949,2016-02-24 06:00:00
3452,70.26,70.31,69.11,70.16,1353936,2016-02-25 06:00:00
3453,70.36,70.67,69.97,70.35,1145807,2016-02-26 06:00:00
3454,70.11,70.74,69.74,69.83,1631093,2016-02-29 06:00:00
3455,70.79,70.9399,69.99,70.74,2089570,2016-03-01 06:00:00
3456,70.54,71.69,70.18,71.41,2525328,2016-03-02 06:00:00
3457,71.14,71.96,70.98,71.51,1487669,2016-03-03 06:00:00
3458,71.21,73.5,71.21,72.68,2288788,2016-03-04 06:00:00
3459,71.48,72.14,70.42,71.6,1667920,2016-03-07 06:00:00
3460,71.44,72.33,71.12,71.63,1152955,2016-03-08 06:00:00
3461,71.26,72.23,70.55,71.42,899907,2016-03-09 06:00:00
3462,71.86,72.07,70.57,71.51,1674559,2016-03-10 06:00:00
3463,72.02,72.7,71.86,72.63,969249,2016-03-11 06:00:00
3464,72.55,72.98,72.09,72.46,884248,2016-03-14 05:00:00
3465,72.17,73.47,71.88,73.07,1459422,2016-03-15 05:00:00
3466,72.57,73.405,72.33,73.11,1119770,2016-03-16 05:00:00
3467,73.37,74.66,72.81,73.83,1158141,2016-03-17 05:00:00
3468,74.12,75.11,73.73,74.34,1972977,2016-03-18 05:00:00
3469,73.99,74.34,73.12,73.65,1014183,2016-03-21 05:00:00
3470,72.97,73.81,72.97,73.48,718503,2016-03-22 05:00:00
3471,73.48,73.9,73.18,73.48,728499,2016-03-23 05:00:00
3472,73.09,73.77,73.09,73.74,608946,2016-03-24 05:00:00
3473,73.89,74.23,73.37,74.04,819042,2016-03-28 05:00:00
3474,73.99,74.63,73.6801,74.5,767745,2016-03-29 05:00:00
3475,74.69,74.94,74.13,74.55,612107,2016-03-30 05:00:00
3476,74.38,74.5,73.8,74.23,1168791,2016-03-31 05:00:00
3477,73.72,73.785,72.62,73.65,1313228,2016-04-01 05:00:00
3478,73.72,74.62,73.29,73.47,1037448,2016-04-04 05:00:00
3479,72.87,74.13,72.87,73.53,781406,2016-04-05 05:00:00
3480,73.35,73.67,72.9,73.66,882674,2016-04-06 05:00:00
3481,73.0,73.06,71.1201,71.85,2129688,2016-04-07 05:00:00
3482,72.18,72.865,71.655,71.84,1014181,2016-04-08 05:00:00
3483,71.97,72.5799,71.52,71.77,1361078,2016-04-11 05:00:00
3484,72.03,72.7,71.46,72.49,1260388,2016-04-12 05:00:00
3485,72.68,73.5725,72.42,72.95,871251,2016-04-13 05:00:00
3486,73.01,73.31,72.43,72.9,767973,2016-04-14 05:00:00
3487,73.41,74.52,73.2,73.51,1368437,2016-04-15 05:00:00
3488,73.47,74.52,73.3445,74.11,991914,2016-04-18 05:00:00
3489,74.47,75.3,74.11,75.23,1333977,2016-04-19 05:00:00
3490,75.32,75.65,74.69,74.73,1085774,2016-04-20 05:00:00
3491,74.55,75.29,74.21,74.31,716200,2016-04-21 05:00:00
3492,74.45,74.98,74.29,74.56,639117,2016-04-22 05:00:00
3493,74.86,75.09,74.32,74.6,890934,2016-04-25 05:00:00
3494,74.57,76.1,74.3,75.71,1486697,2016-04-26 05:00:00
3495,71.66,73.58,70.08,71.81,3508580,2016-04-27 05:00:00
3496,70.94,71.61,69.84,70.83,2433812,2016-04-28 05:00:00
3497,70.75,71.2,70.39,70.97,1398210,2016-04-29 05:00:00
3498,71.27,71.97,71.16,71.81,1375991,2016-05-02 05:00:00
3499,71.15,71.38,70.48,70.84,1185790,2016-05-03 05:00:00
3500,70.52,71.97,70.34,71.74,1789679,2016-05-04 05:00:00
3501,71.71,71.96,70.73,70.85,845450,2016-05-05 05:00:00
3502,70.95,72.91,70.64,72.82,1789637,2016-05-06 05:00:00
3503,72.5,73.26,72.21,73.14,1038939,2016-05-09 05:00:00
3504,73.69,73.83,72.78,73.05,1065926,2016-05-10 05:00:00
3505,72.84,73.2,72.33,72.59,941941,2016-05-11 05:00:00
3506,72.52,72.99,72.0,72.47,840858,2016-05-12 05:00:00
3507,72.56,72.75,71.83,72.31,1111246,2016-05-13 05:00:00
3508,72.44,72.83,71.65,72.44,840472,2016-05-16 05:00:00
3509,72.06,73.7,71.87,72.78,1162629,2016-05-17 05:00:00
3510,72.61,73.41,72.22,73.15,1282697,2016-05-18 05:00:00
3511,72.58,73.38,72.5,73.1,828887,2016-05-19 05:00:00
3512,73.53,74.49,73.53,74.32,1093561,2016-05-20 05:00:00
3513,74.06,74.53,74.06,74.36,846422,2016-05-23 05:00:00
3514,74.42,74.99,74.03,74.69,1134948,2016-05-24 05:00:00
3515,74.94,75.07,74.4766,74.81,1161927,2016-05-25 05:00:00
3516,75.1,75.37,74.73,74.97,806651,2016-05-26 05:00:00
3517,74.99,75.44,74.79,75.18,1108291,2016-05-27 05:00:00
3518,75.41,75.78,74.36,74.98,4326769,2016-05-31 05:00:00
3519,74.56,74.655,73.75,74.25,827732,2016-06-01 05:00:00
3520,74.23,74.3,73.6975,73.79,1064505,2016-06-02 05:00:00
3521,73.26,73.42,72.96,73.36,2471154,2016-06-03 05:00:00
3522,74.16,74.16,73.0,73.22,1340747,2016-06-06 05:00:00
3523,73.13,73.16,72.7675,72.95,1284626,2016-06-07 05:00:00
3524,72.95,73.7,72.81,73.67,1759496,2016-06-08 05:00:00
3525,73.77,74.25,73.21,74.11,1689312,2016-06-09 05:00:00
3526,73.56,73.69,72.88,72.99,1032386,2016-06-10 05:00:00
3527,73.07,73.33,72.88,72.98,972556,2016-06-13 05:00:00
3528,73.02,73.14,72.0,72.47,1238049,2016-06-14 05:00:00
3529,72.48,73.33,72.34,72.52,1389902,2016-06-15 05:00:00
3530,72.46,72.46,71.26,72.09,1487573,2016-06-16 05:00:00
3531,71.77,72.03,71.4,71.98,2029472,2016-06-17 05:00:00
3532,72.68,73.11,72.49,72.54,747719,2016-06-20 05:00:00
3533,72.46,72.55,71.56,72.09,930865,2016-06-21 05:00:00
3534,72.1,72.425,71.55,71.86,1179244,2016-06-22 05:00:00
3535,71.91,72.26,71.67,71.92,1402015,2016-06-23 05:00:00
3536,70.32,71.9599,70.15,71.64,2208963,2016-06-24 05:00:00
3537,71.34,72.485,71.24,72.18,2021803,2016-06-27 05:00:00
3538,72.24,73.44,72.18,73.42,1648236,2016-06-28 05:00:00
3539,73.85,74.38,73.605,73.65,1159243,2016-06-29 05:00:00
3540,73.3,74.32,72.92,74.25,1260981,2016-06-30 05:00:00
3541,74.57,75.28,74.22,75.19,1393708,2016-07-01 05:00:00
3542,75.09,75.45,74.73,75.03,957285,2016-07-05 05:00:00
3543,75.03,75.69,74.38,74.8,965289,2016-07-06 05:00:00
3544,74.93,74.99,73.29,73.36,2736231,2016-07-07 05:00:00
3545,73.76,74.62,73.53,74.43,2164363,2016-07-08 05:00:00
3546,72.48,73.07,71.12,71.86,3781821,2016-07-11 05:00:00
3547,71.88,72.49,71.88,72.45,1362448,2016-07-12 05:00:00
3548,72.54,73.005,72.29,72.83,1729859,2016-07-13 05:00:00
3549,73.32,73.32,72.28,72.3,1049732,2016-07-14 05:00:00
3550,72.5,72.5,71.575,71.94,2067583,2016-07-15 05:00:00
3551,70.73,71.99,70.21,71.44,1971477,2016-07-18 05:00:00
3552,71.05,71.79,70.66,71.62,1295291,2016-07-19 05:00:00
3553,71.62,72.35,71.01,71.17,1276836,2016-07-20 05:00:00
3554,71.16,71.62,70.86,71.23,1481148,2016-07-21 05:00:00
3555,71.33,72.28,71.04,72.03,1134718,2016-07-22 05:00:00
3556,71.76,72.06,71.43,71.5,1061687,2016-07-25 05:00:00
3557,71.79,72.36,71.46,72.14,1749330,2016-07-26 05:00:00
3558,68.42,70.47,66.62,68.35,4359674,2016-07-27 05:00:00
3559,67.97,69.25,67.71,69.23,1513991,2016-07-28 05:00:00
3560,69.15,69.86,68.75,69.62,1461521,2016-07-29 05:00:00
3561,69.5,69.85,69.11,69.24,1817616,2016-08-01 05:00:00
3562,69.24,69.36,68.32,68.36,1546431,2016-08-02 05:00:00
3563,68.57,68.79,68.04,68.79,1446824,2016-08-03 05:00:00
3564,68.79,69.07,67.7789,68.49,1275587,2016-08-04 05:00:00
3565,68.85,69.35,68.108,69.22,751366,2016-08-05 05:00:00
3566,69.51,69.84,69.04,69.25,1299850,2016-08-08 05:00:00
3567,69.38,69.61,68.751,68.92,1082552,2016-08-09 05:00:00
3568,68.95,69.15,68.59,69.02,871572,2016-08-10 05:00:00
3569,68.98,69.32,68.98,69.03,480496,2016-08-11 05:00:00
3570,68.99,69.85,68.8175,69.68,948409,2016-08-12 05:00:00
3571,69.54,69.9316,69.085,69.23,1015090,2016-08-15 05:00:00
3572,69.25,70.01,68.98,69.82,1416484,2016-08-16 05:00:00
3573,70.0,70.01,69.61,69.9,1443524,2016-08-17 05:00:00
3574,69.9,70.0,68.79,68.96,1491498,2016-08-18 05:00:00
3575,68.64,69.73,68.42,69.42,1606623,2016-08-19 05:00:00
3576,69.29,69.63,69.05,69.44,993054,2016-08-22 05:00:00
3577,69.79,69.865,69.32,69.4,1056931,2016-08-23 05:00:00
3578,69.51,69.8,69.23,69.65,1063020,2016-08-24 05:00:00
3579,69.39,69.625,68.79,68.87,898580,2016-08-25 05:00:00
3580,69.03,69.7,68.53,68.78,977293,2016-08-26 05:00:00
3581,68.78,69.44,68.7301,69.43,768172,2016-08-29 05:00:00
3582,69.48,69.71,69.375,69.52,707729,2016-08-30 05:00:00
3583,69.06,69.58,68.95,69.42,1066277,2016-08-31 05:00:00
3584,69.56,71.81,69.56,71.04,3754547,2016-09-01 05:00:00
3585,71.36,71.97,70.85,71.32,1324269,2016-09-02 05:00:00
3586,71.16,71.16,69.595,70.31,1200280,2016-09-06 05:00:00
3587,70.33,70.61,70.01,70.22,957812,2016-09-07 05:00:00
3588,70.36,70.73,69.71,70.07,1173797,2016-09-08 05:00:00
3589,69.91,70.65,68.89,68.9,991997,2016-09-09 05:00:00
3590,67.84,69.23,67.7622,69.01,1356545,2016-09-12 05:00:00
3591,68.57,69.195,67.47,67.76,1519626,2016-09-13 05:00:00
3592,68.03,68.2,67.043,67.27,1144359,2016-09-14 05:00:00
3593,67.28,67.56,67.04,67.36,1140998,2016-09-15 05:00:00
3594,67.25,67.56,66.71,67.53,1665659,2016-09-16 05:00:00
3595,67.9,67.9,67.25,67.28,822015,2016-09-19 05:00:00
3596,67.81,68.105,67.235,68.04,1007592,2016-09-20 05:00:00
3597,68.52,68.57,67.96,68.54,934357,2016-09-21 05:00:00
3598,68.73,69.46,68.6,69.25,1495747,2016-09-22 05:00:00
3599,69.12,69.67,68.5,69.59,1478662,2016-09-23 05:00:00
3600,69.35,69.81,69.22,69.54,1147758,2016-09-26 05:00:00
3601,69.53,70.14,69.1,70.12,999811,2016-09-27 05:00:00
3602,70.21,70.51,69.59,70.25,1040023,2016-09-28 05:00:00
3603,70.23,70.85,70.07,70.31,1402859,2016-09-29 05:00:00
3604,70.72,71.07,70.38,70.46,1412897,2016-09-30 05:00:00
3605,70.39,70.64,69.57,70.5,1387298,2016-10-03 05:00:00
3606,70.66,70.83,69.93,70.2,954002,2016-10-04 05:00:00
3607,70.58,70.58,69.88,70.18,1280377,2016-10-05 05:00:00
3608,69.78,70.35,69.5,70.26,1298208,2016-10-06 05:00:00
3609,70.5,70.58,69.98,70.34,1043810,2016-10-07 05:00:00
3610,70.49,71.11,70.31,70.9,1023999,2016-10-10 05:00:00
3611,70.75,71.04,70.39,70.71,1494748,2016-10-11 05:00:00
3612,70.68,70.7,70.065,70.39,1281471,2016-10-12 05:00:00
3613,70.0,70.38,69.85,70.31,919295,2016-10-13 05:00:00
3614,70.56,70.95,70.13,70.26,1348563,2016-10-14 05:00:00
3615,68.5,68.97,67.61,68.67,3417784,2016-10-17 05:00:00
3616,69.19,70.45,68.62,68.8,1500831,2016-10-18 05:00:00
3617,69.07,69.07,68.51,68.76,1073658,2016-10-19 05:00:00
3618,68.64,68.97,68.47,68.75,1164694,2016-10-20 05:00:00
3619,68.26,69.045,68.12,68.86,989782,2016-10-21 05:00:00
3620,68.88,69.39,68.72,69.12,1165113,2016-10-24 05:00:00
3621,68.54,69.57,67.76,69.43,2282380,2016-10-25 05:00:00
3622,65.93,67.88,65.57,67.3,4499574,2016-10-26 05:00:00
3623,67.47,67.86,67.01,67.43,2173397,2016-10-27 05:00:00
3624,67.64,67.85,66.97,67.59,1586737,2016-10-28 05:00:00
3625,67.98,68.25,67.59,68.12,2026965,2016-10-31 05:00:00
3626,68.12,68.515,67.93,68.42,1504078,2016-11-01 05:00:00
3627,68.44,68.86,68.2133,68.46,1651908,2016-11-02 05:00:00
3628,68.7,69.1997,68.47,68.94,1338950,2016-11-03 05:00:00
3629,69.13,69.28,68.34,68.69,1345514,2016-11-04 05:00:00
3630,69.26,70.48,69.26,70.46,1312949,2016-11-07 06:00:00
3631,70.64,70.73,69.5027,70.49,1498419,2016-11-08 06:00:00
3632,70.01,71.59,69.18,71.45,1242534,2016-11-09 06:00:00
3633,71.56,73.65,71.56,72.8,1486567,2016-11-10 06:00:00
3634,72.55,73.72,72.35,73.58,1551353,2016-11-11 06:00:00
3635,73.93,74.33,73.38,73.51,2430980,2016-11-14 06:00:00
3636,73.52,74.09,73.31,74.08,1429186,2016-11-15 06:00:00
3637,73.82,74.31,73.58,74.18,1523592,2016-11-16 06:00:00
3638,74.2,74.42,73.01,74.01,1194587,2016-11-17 06:00:00
3639,73.89,74.59,73.71,74.4,2426920,2016-11-18 06:00:00
3640,74.67,74.88,73.95,74.37,1839999,2016-11-21 06:00:00
3641,73.91,74.38,73.75,73.94,2067145,2016-11-22 06:00:00
3642,74.04,74.22,73.56,74.12,1072354,2016-11-23 06:00:00
3643,74.23,74.82,74.11,74.3,705345,2016-11-25 06:00:00
3644,74.32,74.89,74.125,74.21,1642333,2016-11-28 06:00:00
3645,74.38,75.2,74.345,74.98,1450659,2016-11-29 06:00:00
3646,75.04,75.4,74.72,74.85,1504437,2016-11-30 06:00:00
3647,74.82,75.18,74.321,74.86,1440096,2016-12-01 06:00:00
3648,75.09,75.51,74.0,74.04,1530075,2016-12-02 06:00:00
3649,74.44,75.57,74.22,75.39,2429187,2016-12-05 06:00:00
3650,75.56,75.76,74.99,75.56,1434677,2016-12-06 06:00:00
3651,75.69,76.74,75.29,76.72,1755957,2016-12-07 06:00:00
3652,76.74,77.5,75.58,77.47,1274837,2016-12-08 06:00:00
3653,77.49,77.8925,76.52,77.04,1417589,2016-12-09 06:00:00
3654,77.06,77.45,76.58,77.25,1210678,2016-12-12 06:00:00
3655,77.38,77.82,76.94,77.06,1560152,2016-12-13 06:00:00
3656,77.27,77.57,76.425,76.62,1563281,2016-12-14 06:00:00
3657,76.44,76.6,73.78,74.31,3268097,2016-12-15 06:00:00
3658,74.17,74.97,72.56,73.11,2834105,2016-12-16 06:00:00
3659,73.05,74.72,72.74,74.62,2129240,2016-12-19 06:00:00
3660,74.61,75.11,74.39,74.53,1159550,2016-12-20 06:00:00
3661,74.21,74.88,74.135,74.63,1102667,2016-12-21 06:00:00
3662,74.23,74.69,74.16,74.47,671646,2016-12-22 06:00:00
3663,74.6,74.81,74.3,74.54,419951,2016-12-23 06:00:00
3664,74.65,75.02,74.2,74.48,581298,2016-12-27 06:00:00
3665,74.69,74.76,73.46,73.47,906107,2016-12-28 06:00:00
3666,73.68,73.95,73.51,73.73,835909,2016-12-29 06:00:00
3667,74.02,74.13,73.01,73.26,989077,2016-12-30 06:00:00
3668,73.5,73.8,72.17,72.85,1851797,2017-01-03 06:00:00
3669,72.86,74.0,72.64,72.99,1012727,2017-01-04 06:00:00
3670,72.79,73.82,72.59,73.74,1122142,2017-01-05 06:00:00
3671,73.67,74.31,73.45,74.15,782719,2017-01-06 06:00:00
3672,73.78,74.18,73.09,73.16,857606,2017-01-09 06:00:00
3673,73.12,73.72,72.84,73.14,651707,2017-01-10 06:00:00
3674,73.01,73.63,72.93,73.44,668609,2017-01-11 06:00:00
3675,73.36,73.51,72.89,73.44,843866,2017-01-12 06:00:00
3676,73.55,73.645,73.16,73.38,1036578,2017-01-13 06:00:00
3677,73.18,73.93,72.9,73.56,720200,2017-01-17 06:00:00
3678,73.58,74.45,72.9471,74.05,1188694,2017-01-18 06:00:00
3679,74.15,74.15,73.15,73.37,1198741,2017-01-19 06:00:00
3680,73.51,73.91,72.92,73.6,1251931,2017-01-20 06:00:00
3681,73.43,73.72,73.19,73.68,1615835,2017-01-23 06:00:00
3682,73.95,75.0222,73.51,74.66,1168413,2017-01-24 06:00:00
3683,75.0,75.0799,74.13,74.68,982034,2017-01-25 06:00:00
3684,74.45,75.91,74.42,75.75,1417376,2017-01-26 06:00:00
3685,75.87,77.65,75.575,77.58,2488130,2017-01-27 06:00:00
3686,77.36,77.36,76.33,76.51,2616130,2017-01-30 06:00:00
3687,76.74,76.74,75.75,76.06,1653757,2017-01-31 06:00:00
3688,74.6,76.0,73.27,75.11,2936117,2017-02-01 06:00:00
3689,74.86,75.56,74.46,74.94,1452286,2017-02-02 06:00:00
3690,75.11,75.83,75.0,75.55,944071,2017-02-03 06:00:00
3691,75.45,75.89,74.75,74.83,895275,2017-02-06 06:00:00
3692,75.32,75.87,75.02,75.62,1128469,2017-02-07 06:00:00
3693,75.7,76.22,75.21,76.13,785028,2017-02-08 06:00:00
3694,75.96,76.3,75.58,75.62,1724843,2017-02-09 06:00:00
3695,75.92,76.82,75.91,76.56,726107,2017-02-10 06:00:00
3696,76.67,77.17,76.61,76.98,869035,2017-02-13 06:00:00
3697,76.97,77.25,76.56,77.2,931182,2017-02-14 06:00:00
3698,77.25,77.94,77.11,77.88,885160,2017-02-15 06:00:00
3699,77.88,78.06,77.44,78.06,1091061,2017-02-16 06:00:00
3700,77.96,79.09,77.2,79.06,1755937,2017-02-17 06:00:00
3701,78.92,79.57,78.78,79.42,1388671,2017-02-21 06:00:00
3702,79.37,79.46,78.86,79.41,1232019,2017-02-22 06:00:00
3703,79.46,79.88,79.21,79.46,1294140,2017-02-23 06:00:00
3704,79.11,80.23,78.88,80.13,1386550,2017-02-24 06:00:00
3705,80.08,80.35,79.66,80.23,1080456,2017-02-27 06:00:00
3706,80.12,80.47,80.02,80.37,1651005,2017-02-28 06:00:00
3707,80.67,81.16,80.39,80.86,1499331,2017-03-01 06:00:00
3708,81.12,81.12,80.21,80.53,881405,2017-03-02 06:00:00
3709,80.52,80.86,79.28,79.77,1049825,2017-03-03 06:00:00
3710,78.86,79.65,78.86,79.28,1413057,2017-03-06 06:00:00
3711,79.15,79.53,78.87,78.94,931199,2017-03-07 06:00:00
3712,79.16,79.41,78.38,78.73,1182988,2017-03-08 06:00:00
3713,78.77,79.02,78.33,78.52,729347,2017-03-09 06:00:00
3714,78.85,79.42,78.45,79.34,668622,2017-03-10 06:00:00
3715,79.33,79.62,78.62,79.31,580470,2017-03-13 05:00:00
3716,79.21,79.26,78.31,78.56,574951,2017-03-14 05:00:00
3717,78.72,79.155,78.3,78.54,1440878,2017-03-15 05:00:00
3718,78.5,78.86,78.11,78.21,740682,2017-03-16 05:00:00
3719,78.19,79.1264,77.81,78.92,1483990,2017-03-17 05:00:00
3720,78.91,79.04,78.52,78.93,937921,2017-03-20 05:00:00
3721,79.07,79.4,78.18,78.36,1114938,2017-03-21 05:00:00
3722,78.54,78.7,77.7,78.09,823596,2017-03-22 05:00:00
3723,78.16,78.59,77.66,77.68,620882,2017-03-23 05:00:00
3724,77.75,78.17,77.26,77.47,1374227,2017-03-24 05:00:00
3725,76.93,77.38,76.34,77.02,993673,2017-03-27 05:00:00
3726,77.02,77.92,76.59,77.52,1193881,2017-03-28 05:00:00
3727,77.34,77.75,76.22,77.29,902599,2017-03-29 05:00:00
3728,77.25,77.88,76.95,77.65,1118243,2017-03-30 05:00:00
3729,77.48,78.03,77.23,77.29,1385296,2017-03-31 05:00:00
3730,77.52,78.13,76.48,76.71,1573039,2017-04-03 05:00:00
3731,76.75,77.15,76.41,76.86,1012672,2017-04-04 05:00:00
3732,76.8,77.23,76.32,76.41,1122892,2017-04-05 05:00:00
3733,76.58,77.46,75.96,76.28,1324143,2017-04-06 05:00:00
3734,76.36,76.6,75.56,75.73,1535957,2017-04-07 05:00:00
3735,75.82,76.67,75.7,76.24,1187714,2017-04-10 05:00:00
3736,75.66,76.06,75.21,75.75,1225327,2017-04-11 05:00:00
3737,75.78,75.78,74.7,74.79,1144986,2017-04-12 05:00:00
3738,74.15,75.15,74.15,74.46,1572745,2017-04-13 05:00:00
3739,74.53,75.86,74.42,75.67,1605695,2017-04-17 05:00:00
3740,75.56,75.63,75.17,75.29,1066975,2017-04-18 05:00:00
3741,75.5,75.89,75.2,75.34,797892,2017-04-19 05:00:00
3742,75.58,76.54,74.29,76.45,1042173,2017-04-20 05:00:00
3743,76.97,77.1,75.59,76.54,1582424,2017-04-21 05:00:00
3744,77.0,77.83,76.9,77.59,1840100,2017-04-24 05:00:00
3745,77.73,78.31,77.465,77.7,1374946,2017-04-25 05:00:00
3746,73.16,74.27,72.43,72.81,5513873,2017-04-26 05:00:00
3747,72.83,73.293,72.51,72.81,1692833,2017-04-27 05:00:00
3748,72.88,73.155,72.53,72.7,1904175,2017-04-28 05:00:00
3749,73.16,73.19,72.54,72.55,846409,2017-05-01 05:00:00
3750,72.8,72.91,72.43,72.72,865927,2017-05-02 05:00:00
3751,72.65,72.99,72.32,72.78,833555,2017-05-03 05:00:00
3752,73.03,73.03,72.45,72.56,1210968,2017-05-04 05:00:00
3753,72.93,73.38,72.79,73.35,917562,2017-05-05 05:00:00
3754,73.19,73.29,71.29,71.46,1673855,2017-05-08 05:00:00
3755,71.37,71.41,70.58,70.86,2040720,2017-05-09 05:00:00
3756,70.99,71.47,69.985,70.17,2878562,2017-05-10 05:00:00
3757,69.88,70.2654,69.25,69.78,1655735,2017-05-11 05:00:00
3758,69.53,69.88,68.87,69.35,1557725,2017-05-12 05:00:00
3759,69.29,69.8199,68.6811,69.47,1051637,2017-05-15 05:00:00
3760,69.33,69.75,69.29,69.6,1288631,2017-05-16 05:00:00
3761,69.04,69.546,67.47,67.84,2000063,2017-05-17 05:00:00
3762,67.7,68.99,67.5,68.06,1783422,2017-05-18 05:00:00
3763,68.16,68.16,67.08,67.36,2306655,2017-05-19 05:00:00
3764,67.38,68.1,67.255,68.08,1453669,2017-05-22 05:00:00
3765,68.15,68.36,67.74,68.34,885303,2017-05-23 05:00:00
3766,68.43,68.61,68.01,68.38,1190131,2017-05-24 05:00:00
3767,68.12,68.38,67.64,67.91,1894096,2017-05-25 05:00:00
3768,67.73,67.98,66.965,67.04,1303220,2017-05-26 05:00:00
3769,67.09,67.62,66.6,67.27,1613308,2017-05-30 05:00:00
3770,67.01,67.18,66.33,67.01,2353708,2017-05-31 05:00:00
3771,67.31,67.72,66.92,67.58,1584698,2017-06-01 05:00:00
3772,67.63,67.97,67.32,67.62,1038832,2017-06-02 05:00:00
3773,67.41,67.93,67.22,67.26,1036043,2017-06-05 05:00:00
3774,67.14,67.36,66.73,67.12,736125,2017-06-06 05:00:00
3775,67.32,67.39,66.99,67.23,932909,2017-06-07 05:00:00
3776,67.18,67.38,66.9,66.97,1237236,2017-06-08 05:00:00
3777,66.86,67.91,66.78,67.86,1026211,2017-06-09 05:00:00
3778,67.77,69.1,67.68,68.82,1557402,2017-06-12 05:00:00
3779,69.08,69.32,68.66,69.09,1083245,2017-06-13 05:00:00
3780,69.3,69.33,67.78,67.84,1288479,2017-06-14 05:00:00
3781,67.49,69.5,67.49,69.45,1559057,2017-06-15 05:00:00
3782,69.19,70.13,69.19,70.04,2388695,2017-06-16 05:00:00
3783,70.0,70.4,69.66,70.1,1079114,2017-06-19 05:00:00
3784,69.99,70.05,68.39,68.4,1061076,2017-06-20 05:00:00
3785,68.28,69.82,67.0,67.17,1469779,2017-06-21 05:00:00
3786,67.19,68.03,66.96,67.3,1324760,2017-06-22 05:00:00
3787,67.31,67.74,66.96,66.99,1249663,2017-06-23 05:00:00
3788,67.16,67.69,66.821,67.58,842979,2017-06-26 05:00:00
3789,67.6,68.0,67.29,67.33,914021,2017-06-27 05:00:00
3790,67.74,68.27,67.29,67.33,1487829,2017-06-28 05:00:00
3791,67.33,67.635,67.15,67.55,1188563,2017-06-29 05:00:00
3792,67.76,68.95,67.65,68.68,1115572,2017-06-30 05:00:00
3793,69.13,70.48,68.88,70.08,0,2017-07-03 05:00:00
3794,69.92,70.05,68.73,68.76,1665997,2017-07-05 05:00:00
3795,68.48,68.48,67.64,67.68,1375380,2017-07-06 05:00:00
3796,67.83,68.17,67.47,67.97,1147949,2017-07-07 05:00:00
3797,68.03,69.02,67.88,68.23,1158604,2017-07-10 05:00:00
3798,68.47,68.62,67.77,68.6,945599,2017-07-11 05:00:00
3799,68.96,69.2,68.58,68.87,1158604,2017-07-12 05:00:00
3800,68.8,68.84,68.24,68.76,945129,2017-07-13 05:00:00
3801,69.07,69.65,68.73,69.46,964446,2017-07-14 05:00:00
3802,68.09,69.05,67.85,68.89,2382872,2017-07-17 05:00:00
3803,68.88,69.55,68.56,69.5,1527244,2017-07-18 05:00:00
3804,69.53,70.05,68.57,68.69,2404051,2017-07-19 05:00:00
3805,63.615,65.34,63.41,65.01,8858406,2017-07-20 05:00:00
3806,64.82,65.83,64.82,65.56,3162478,2017-07-21 05:00:00
3807,65.7,65.75,65.13,65.62,1798898,2017-07-24 05:00:00
3808,66.1,66.57,65.65,65.93,2578773,2017-07-25 05:00:00
3809,67.29,67.465,65.64,65.91,1711875,2017-07-26 05:00:00
3810,65.94,65.94,65.02,65.46,1981441,2017-07-27 05:00:00
3811,65.49,65.85,64.975,65.25,1401629,2017-07-28 05:00:00
3812,65.29,65.89,65.29,65.6,1323905,2017-07-31 05:00:00
3813,65.65,65.76,64.61,64.98,1542674,2017-08-01 05:00:00
3814,65.03,65.84,64.97,65.61,1053237,2017-08-02 05:00:00
3815,65.41,65.73,64.93,65.7,1107023,2017-08-03 05:00:00
3816,65.78,67.41,65.655,67.22,2295510,2017-08-04 05:00:00
3817,67.12,67.385,66.07,66.54,2561616,2017-08-07 05:00:00
3818,66.38,66.985,66.02,66.75,1668301,2017-08-08 05:00:00
3819,66.65,66.68,65.96,66.13,1885979,2017-08-09 05:00:00
3820,66.0,66.3,65.549,66.11,1890711,2017-08-10 05:00:00
3821,66.59,66.67,65.57,65.63,1289588,2017-08-11 05:00:00
3822,65.86,67.275,65.79,67.14,1786306,2017-08-14 05:00:00
3823,67.2,68.24,66.99,68.02,1741529,2017-08-15 05:00:00
3824,68.28,68.91,67.4585,68.01,1573712,2017-08-16 05:00:00
3825,67.8,68.53,66.83,66.89,1480043,2017-08-17 05:00:00
3826,66.91,67.25,66.57,66.78,2777593,2017-08-18 05:00:00
3827,66.96,66.96,66.1443,66.86,1518114,2017-08-21 05:00:00
3828,66.85,67.19,66.53,67.1,1078244,2017-08-22 05:00:00
3829,66.99,67.17,66.43,67.09,939287,2017-08-23 05:00:00
3830,67.29,67.74,66.76,66.87,1070602,2017-08-24 05:00:00
3831,67.06,69.37,66.87,69.07,2003875,2017-08-25 05:00:00
3832,69.5,71.12,69.4,71.05,3135906,2017-08-28 05:00:00
3833,70.69,72.2,70.57,71.57,2945777,2017-08-29 05:00:00
3834,72.3,74.54,72.26,73.06,4058920,2017-08-30 05:00:00
3835,73.0,73.06,70.58,70.63,2689769,2017-08-31 05:00:00
3836,70.69,71.01,70.12,70.17,1397857,2017-09-01 05:00:00
3837,70.93,72.189,70.93,71.79,1948366,2017-09-05 05:00:00
3838,72.09,73.189,71.865,72.77,2167572,2017-09-06 05:00:00
3839,72.77,73.61,72.68,73.27,1369203,2017-09-07 05:00:00
3840,73.25,73.99,72.88,73.74,805064,2017-09-08 05:00:00
3841,73.68,73.975,72.17,72.83,2013260,2017-09-11 05:00:00
3842,72.69,73.28,72.1375,72.79,1245721,2017-09-12 05:00:00
3843,72.91,72.91,72.15,72.275,1324604,2017-09-13 05:00:00
3844,71.87,71.875,70.22,70.77,3375476,2017-09-14 05:00:00
3845,70.65,71.56,70.23,71.45,2340120,2017-09-15 05:00:00
3846,71.6,72.3,71.305,72.25,1155647,2017-09-18 05:00:00
3847,72.37,72.87,72.15,72.6,1041167,2017-09-19 05:00:00
3848,72.95,73.26,72.35,72.79,1852773,2017-09-20 05:00:00
3849,72.87,73.395,72.52,73.0,1051307,2017-09-21 05:00:00
3850,73.16,73.8,72.8,73.13,1098037,2017-09-22 05:00:00
3851,73.29,73.94,72.92,73.92,1043687,2017-09-25 05:00:00
3852,74.0,75.11,73.49,74.89,1945349,2017-09-26 05:00:00
3853,75.17,75.73,74.93,75.68,2092761,2017-09-27 05:00:00
3854,75.69,76.01,75.25,75.48,974758,2017-09-28 05:00:00
3855,75.37,76.16,75.25,76.1,1348564,2017-09-29 05:00:00
3856,76.28,77.38,75.62,77.3,1999740,2017-10-02 05:00:00
3857,76.97,77.08,76.05,76.13,2355352,2017-10-03 05:00:00
3858,76.04,76.15,74.3,75.02,1979359,2017-10-04 05:00:00
3859,74.79,76.15,74.61,76.05,1869144,2017-10-05 05:00:00
3860,75.93,76.57,75.665,76.52,1283807,2017-10-06 05:00:00
3861,76.55,76.73,75.39,75.45,819552,2017-10-09 05:00:00
3862,77.74,78.86,76.86,77.09,2526973,2017-10-10 05:00:00
3863,76.99,77.43,76.43,76.7,857909,2017-10-11 05:00:00
3864,76.93,77.25,76.41,77.18,1062335,2017-10-12 05:00:00
3865,78.58,78.94,77.15,77.26,1655338,2017-10-13 05:00:00
3866,78.13,78.7,76.47,77.33,1553186,2017-10-16 05:00:00
3867,77.06,77.3,75.95,76.02,1586799,2017-10-17 05:00:00
3868,75.95,77.67,75.93,77.34,1600981,2017-10-18 05:00:00
3869,77.26,78.045,76.75,77.98,712644,2017-10-19 05:00:00
3870,78.38,78.7,77.62,78.3,1471007,2017-10-20 05:00:00
3871,78.68,78.715,77.79,78.43,1052527,2017-10-23 05:00:00
3872,78.73,79.65,77.08,78.83,1218294,2017-10-24 05:00:00
3873,78.43,78.91,77.94,78.6,1221042,2017-10-25 05:00:00
3874,79.63,80.83,79.16,79.59,2095430,2017-10-26 05:00:00
3875,80.08,80.08,78.5,79.82,1649002,2017-10-27 05:00:00
3876,79.67,80.03,78.02,78.35,1665780,2017-10-30 05:00:00
3877,78.3,79.33,78.3,78.53,2280636,2017-10-31 05:00:00
3878,80.9,80.94,77.83,79.33,3029706,2017-11-01 05:00:00
3879,80.15,81.35,78.6,79.55,4220585,2017-11-02 05:00:00
3880,79.5,80.14,78.99,79.44,2348559,2017-11-03 05:00:00
3881,79.45,79.66,78.32,79.08,2183166,2017-11-06 06:00:00
3882,79.49,80.8,79.1,80.5,2410823,2017-11-07 06:00:00
3883,80.26,80.93,79.995,80.63,1567423,2017-11-08 06:00:00
3884,80.21,81.09,80.14,80.68,2254919,2017-11-09 06:00:00
3885,80.31,80.48,80.04,80.33,1115846,2017-11-10 06:00:00
3886,80.34,80.5,79.79,80.36,1185952,2017-11-13 06:00:00
3887,80.1,80.61,80.0,80.37,1016525,2017-11-14 06:00:00
3888,80.1,80.19,79.52,79.95,1103824,2017-11-15 06:00:00
3889,80.07,80.53,79.95,80.4,924803,2017-11-16 06:00:00
3890,78.75,79.3099,77.52,78.44,2570526,2017-11-17 06:00:00
3891,78.61,78.94,78.23,78.43,1345557,2017-11-20 06:00:00
3892,78.58,79.0,78.3,78.79,1314633,2017-11-21 06:00:00
3893,78.71,79.77,78.7,79.24,896786,2017-11-22 06:00:00
3894,79.45,79.92,77.9,79.67,325519,2017-11-24 06:00:00
3895,79.5,80.04,79.36,79.54,1067986,2017-11-27 06:00:00
3896,80.2,81.63,79.72,81.53,1405490,2017-11-28 06:00:00
3897,81.4,84.56,81.14,84.49,2180711,2017-11-29 06:00:00
3898,84.35,87.17,84.35,86.65,3268456,2017-11-30 06:00:00
3899,86.6,87.025,84.56,86.54,2029013,2017-12-01 06:00:00
3900,87.55,89.11,86.58,86.76,2544671,2017-12-04 06:00:00
3901,86.93,87.37,85.71,85.92,1632279,2017-12-05 06:00:00
3902,85.72,87.33,85.46,87.15,1479818,2017-12-06 06:00:00
3903,86.85,87.75,86.43,87.42,1708874,2017-12-07 06:00:00
3904,87.41,88.41,87.1,88.38,1251442,2017-12-08 06:00:00
3905,88.28,88.4199,87.61,87.97,963171,2017-12-11 06:00:00
3906,88.19,88.44,87.42,88.0,912938,2017-12-12 06:00:00
3907,88.09,88.54,87.58,87.77,1523452,2017-12-13 06:00:00
3908,88.05,88.05,85.62,85.79,2319452,2017-12-14 06:00:00
3909,85.6,86.75,85.19,86.21,3197453,2017-12-15 06:00:00
3910,86.88,87.79,86.36,87.16,1819823,2017-12-18 06:00:00
3911,86.78,87.31,86.42,86.63,1093921,2017-12-19 06:00:00
3912,87.32,87.66,86.72,86.75,1250849,2017-12-20 06:00:00
3913,86.98,87.26,86.36,87.13,946693,2017-12-21 06:00:00
3914,87.22,89.24,86.89,88.7,1352043,2017-12-22 06:00:00
3915,88.6,89.72,88.46,88.79,741034,2017-12-26 06:00:00
3916,88.97,89.795,88.215,89.5,674476,2017-12-27 06:00:00
3917,89.51,89.55,88.37,89.46,756059,2017-12-28 06:00:00
3918,89.7,89.89,89.05,89.09,637881,2017-12-29 06:00:00
3919,89.74,90.079,88.82,89.74,988833,2018-01-02 06:00:00
3920,89.18,89.6,88.45,89.49,1214307,2018-01-03 06:00:00
3921,90.34,90.61,89.18,89.72,1610755,2018-01-04 06:00:00
3922,90.08,90.665,89.23,89.57,902520,2018-01-05 06:00:00
3923,89.39,91.21,89.39,90.78,1083300,2018-01-08 06:00:00
3924,90.91,92.41,90.91,91.46,1932576,2018-01-09 06:00:00
3925,91.38,92.4,91.085,91.44,1043081,2018-01-10 06:00:00
3926,91.69,94.005,91.68,93.92,1060314,2018-01-11 06:00:00
3927,94.03,94.51,93.22,94.28,983297,2018-01-12 06:00:00
3928,94.5,94.96,92.78,92.97,1601263,2018-01-16 06:00:00
3929,93.27,93.625,92.69,92.98,1104289,2018-01-17 06:00:00
3930,93.13,94.55,92.34,93.68,1378418,2018-01-18 06:00:00
3931,94.04,95.28,93.59,95.16,1622302,2018-01-19 06:00:00
3932,94.87,95.67,94.09,95.43,972481,2018-01-22 06:00:00
3933,95.23,95.65,94.33,94.9,1021518,2018-01-23 06:00:00
3934,95.12,96.52,94.32,96.18,1765635,2018-01-24 06:00:00
3935,96.65,98.66,96.32,96.53,2246832,2018-01-25 06:00:00
3936,97.34,100.18,96.58,96.73,2835747,2018-01-26 06:00:00
3937,96.29,97.63,96.07,96.31,2123159,2018-01-29 06:00:00
3938,95.75,96.83,94.82,94.93,3124657,2018-01-30 06:00:00
3939,91.94,95.89,90.31,91.46,7558735,2018-01-31 06:00:00
3940,91.25,92.68,90.1756,91.98,2107356,2018-02-01 06:00:00
3941,91.17,92.26,90.56,91.79,2046080,2018-02-02 06:00:00
3942,91.24,92.12,90.29,90.33,2989152,2018-02-05 06:00:00
3943,88.98,91.38,88.0368,90.77,2467031,2018-02-06 06:00:00
3944,90.47,93.645,90.47,92.57,2069344,2018-02-07 06:00:00
3945,92.67,93.14,90.47,90.47,1641312,2018-02-08 06:00:00
3946,90.84,91.26,87.161,89.35,2591415,2018-02-09 06:00:00
3947,89.9,91.33,89.36,91.18,1357120,2018-02-12 06:00:00
3948,90.77,93.25,90.4,92.72,1182067,2018-02-13 06:00:00
3949,90.72,93.22,90.04,92.43,1482291,2018-02-14 06:00:00
3950,92.54,92.95,91.44,92.95,1382891,2018-02-15 06:00:00
3951,92.88,93.51,92.33,92.62,876159,2018-02-16 06:00:00
3952,92.5,92.96,89.64,89.97,1204381,2018-02-20 06:00:00
3953,90.01,91.565,90.01,90.18,1219977,2018-02-21 06:00:00
3954,90.61,91.07,89.86,90.09,982201,2018-02-22 06:00:00
3955,90.32,92.67,90.151,92.63,1003426,2018-02-23 06:00:00
3956,93.0,94.67,92.415,94.63,854077,2018-02-26 06:00:00
3957,94.81,95.67,93.46,93.47,1147471,2018-02-27 06:00:00
3958,93.72,94.69,92.99,93.36,1573022,2018-02-28 06:00:00
3959,92.71,93.19,89.54,89.7,1863346,2018-03-01 06:00:00
3960,88.54,89.95,88.15,89.51,1418570,2018-03-02 06:00:00
3961,89.21,89.97,87.75,89.78,1303700,2018-03-05 06:00:00
3962,90.17,90.84,89.64,89.99,941156,2018-03-06 06:00:00
3963,89.11,90.23,87.95,90.01,1183496,2018-03-07 06:00:00
3964,90.13,90.38,89.24,89.6,1045720,2018-03-08 06:00:00
3965,90.01,91.79,89.26,91.74,1630576,2018-03-09 06:00:00
3966,92.04,92.51,90.7,91.03,783624,2018-03-12 05:00:00
3967,91.41,92.27,90.955,91.71,937042,2018-03-13 05:00:00
3968,91.76,91.81,89.59,89.74,946788,2018-03-14 05:00:00
3969,89.98,90.73,89.7,90.28,752521,2018-03-15 05:00:00
3970,90.61,92.45,90.08,92.14,1817346,2018-03-16 05:00:00
3971,92.12,94.06,91.86,92.63,1255749,2018-03-19 05:00:00
3972,92.87,93.63,92.05,93.07,716245,2018-03-20 05:00:00
3973,93.1,94.43,93.04,93.62,904693,2018-03-21 05:00:00
3974,92.88,93.95,91.21,92.66,1229035,2018-03-22 05:00:00
3975,92.58,93.32,90.79,90.86,1517578,2018-03-23 05:00:00
3976,91.94,93.05,91.685,92.76,927021,2018-03-26 05:00:00
3977,92.93,93.71,91.25,91.56,943444,2018-03-27 05:00:00
3978,91.76,92.2,90.655,91.69,847195,2018-03-28 05:00:00
3979,91.88,94.13,91.88,93.71,1333236,2018-03-29 05:00:00
3980,93.53,93.69,91.63,92.23,1614137,2018-04-02 05:00:00
3981,92.6,93.68,92.2,93.63,1298477,2018-04-03 05:00:00
3982,92.58,94.58,92.43,94.36,1114916,2018-04-04 05:00:00
3983,94.96,94.98,92.24,93.29,1688406,2018-04-05 05:00:00
3984,92.76,93.1,89.76,90.48,1507323,2018-04-06 05:00:00
3985,90.63,92.49,90.45,91.57,1083152,2018-04-09 05:00:00
3986,92.87,94.38,92.7,94.12,1655616,2018-04-10 05:00:00
3987,93.65,94.28,93.13,93.95,728779,2018-04-11 05:00:00
3988,94.24,96.31,94.15,95.41,1218676,2018-04-12 05:00:00
3989,95.43,95.99,93.88,94.27,1290330,2018-04-13 05:00:00
3990,97.05,98.66,96.03,97.62,2290926,2018-04-16 05:00:00
3991,98.34,98.5,95.22,96.03,1794318,2018-04-17 05:00:00
3992,96.58,96.58,94.94,94.94,1834730,2018-04-18 05:00:00
3993,94.49,95.32,94.0801,94.29,2094791,2018-04-19 05:00:00
3994,94.62,94.63,93.17,93.68,1151516,2018-04-20 05:00:00
3995,93.51,94.36,93.02,93.71,1047971,2018-04-23 05:00:00
3996,94.24,94.55,91.5,92.36,1267365,2018-04-24 05:00:00
3997,92.55,93.115,92.16,92.59,1180025,2018-04-25 05:00:00
3998,93.07,93.325,90.29,91.32,1882355,2018-04-26 05:00:00
3999,91.28,92.16,90.76,92.0,972789,2018-04-27 05:00:00
4000,92.09,92.74,91.81,92.03,1455982,2018-04-30 05:00:00
4001,92.04,92.185,90.13,90.65,1660082,2018-05-01 05:00:00
4002,84.5,86.65,82.49,82.9,4962308,2018-05-02 05:00:00
4003,82.38,83.83,80.83,82.6,2740426,2018-05-03 05:00:00
4004,81.65,82.86,80.88,82.54,1449927,2018-05-04 05:00:00
4005,82.56,83.23,81.99,82.43,1203441,2018-05-07 05:00:00
4006,82.58,84.49,82.37,83.93,1712620,2018-05-08 05:00:00
4007,84.07,84.56,83.25,83.49,1376645,2018-05-09 05:00:00
4008,83.81,84.73,83.581,84.58,1506148,2018-05-10 05:00:00
4009,84.8,86.81,84.6,86.44,1383141,2018-05-11 05:00:00
4010,86.64,86.96,85.28,85.68,1045319,2018-05-14 05:00:00
4011,85.35,85.71,84.74,85.18,1454851,2018-05-15 05:00:00
4012,85.22,86.09,85.09,85.74,1025040,2018-05-16 05:00:00
4013,85.86,87.97,85.7772,87.56,1729265,2018-05-17 05:00:00
4014,87.49,89.24,87.27,88.5,1752590,2018-05-18 05:00:00
4015,88.77,90.22,88.5,89.91,947760,2018-05-21 05:00:00
4016,89.77,90.235,88.17,88.35,1229390,2018-05-22 05:00:00
4017,87.99,87.99,86.84,87.44,1615386,2018-05-23 05:00:00
4018,87.49,88.25,87.42,88.0,928976,2018-05-24 05:00:00
4019,87.81,88.39,87.68,88.23,670926,2018-05-25 05:00:00
4020,87.91,88.2575,86.82,87.93,963251,2018-05-29 05:00:00
4021,88.35,90.05,88.23,89.43,941990,2018-05-30 05:00:00
4022,88.95,89.1483,86.94,87.0,1295276,2018-05-31 05:00:00
4023,87.62,88.27,87.01,87.52,1113866,2018-06-01 05:00:00
4024,87.34,88.6,87.09,87.96,3034093,2018-06-04 05:00:00
4025,88.27,88.6,87.51,87.84,1822627,2018-06-05 05:00:00
4026,87.72,88.12,87.21,87.8,1487836,2018-06-06 05:00:00
4027,88.21,88.51,87.8,87.99,962469,2018-06-07 05:00:00
4028,87.91,88.59,87.82,88.32,1211975,2018-06-08 05:00:00
4029,88.47,89.18,88.01,88.68,1023126,2018-06-11 05:00:00
4030,88.89,91.11,88.69,90.83,1544013,2018-06-12 05:00:00
4031,91.07,91.75,90.47,90.79,1312072,2018-06-13 05:00:00
4032,90.93,90.98,90.26,90.43,551598,2018-06-14 05:00:00
4033,90.14,90.56,87.44,90.09,1414282,2018-06-15 05:00:00
4034,89.54,90.99,88.74,90.63,1385503,2018-06-18 05:00:00
4035,90.32,90.48,88.74,89.98,1529941,2018-06-19 05:00:00
4036,89.99,90.88,89.54,90.27,867847,2018-06-20 05:00:00
4037,90.38,90.38,89.59,89.79,1433525,2018-06-21 05:00:00
4038,90.0,90.31,88.37,88.61,1235852,2018-06-22 05:00:00
4039,88.22,88.22,85.08,85.59,1645124,2018-06-25 05:00:00
4040,86.0,86.65,84.59,84.89,1021662,2018-06-26 05:00:00
4041,84.95,86.83,83.7,83.72,923475,2018-06-27 05:00:00
4042,83.47,83.95,82.23,83.53,1157629,2018-06-28 05:00:00
4043,83.59,84.71,83.59,83.66,1494725,2018-06-29 05:00:00
4044,83.66,85.69,83.66,85.62,1605061,2018-07-02 05:00:00
4045,85.75,86.655,84.79,84.99,1009780,2018-07-03 05:00:00
4046,85.36,85.49,83.75,84.4,1633698,2018-07-05 05:00:00
4047,84.22,84.78,83.7,84.46,1346482,2018-07-06 05:00:00
4048,84.75,86.05,84.55,85.86,1350427,2018-07-09 05:00:00
4049,85.87,86.33,85.42,85.88,722310,2018-07-10 05:00:00
4050,86.52,86.91,85.39,85.84,947798,2018-07-11 05:00:00
4051,86.04,86.15,85.35,85.83,858740,2018-07-12 05:00:00
4052,86.7,87.02,85.8,86.74,1009173,2018-07-13 05:00:00
4053,87.2,88.8,86.251,87.3,1692729,2018-07-16 05:00:00
4054,87.1,88.07,87.1,87.7,1266098,2018-07-17 05:00:00
4055,87.79,89.2,87.35,88.84,786799,2018-07-18 05:00:00
4056,88.45,90.17,88.17,89.59,1551980,2018-07-19 05:00:00
4057,89.5,90.57,89.1203,90.32,894123,2018-07-20 05:00:00
4058,90.32,91.15,89.0835,89.64,1232301,2018-07-23 05:00:00
4059,90.0,90.419,88.93,89.98,1236736,2018-07-24 05:00:00
4060,90.19,91.88,89.86,91.75,1140228,2018-07-25 05:00:00
4061,91.69,92.28,89.9841,91.85,1454451,2018-07-26 05:00:00
4062,91.8,92.49,90.78,91.45,1016892,2018-07-27 05:00:00
4063,91.3,92.5,90.0,90.47,1515528,2018-07-30 05:00:00
4064,90.89,92.63,90.76,92.23,1991363,2018-07-31 05:00:00
4065,93.8,95.9,92.38,95.38,2109699,2018-08-01 05:00:00
4066,95.47,96.049,94.48,95.43,1306540,2018-08-02 05:00:00
4067,95.43,96.26,93.94,95.79,1021858,2018-08-03 05:00:00
4068,95.89,96.3899,95.66,96.22,783664,2018-08-06 05:00:00
4069,96.0,96.389,95.11,96.32,1022531,2018-08-07 05:00:00
4070,96.13,96.76,94.9658,96.07,790462,2018-08-08 05:00:00
4071,94.58,96.18,94.54,94.75,1055105,2018-08-09 05:00:00
4072,94.4,95.23,94.0,94.9,925933,2018-08-10 05:00:00
4073,95.15,95.15,93.76,93.94,773232,2018-08-13 05:00:00
4074,94.15,94.555,93.76,93.97,920072,2018-08-14 05:00:00
4075,93.27,94.7099,93.13,94.57,872992,2018-08-15 05:00:00
4076,94.94,96.41,94.93,96.4,708800,2018-08-16 05:00:00
4077,96.43,97.49,92.5747,97.14,1009404,2018-08-17 05:00:00
4078,97.01,97.91,96.91,97.37,800280,2018-08-20 05:00:00
4079,97.15,97.8069,96.91,97.21,790360,2018-08-21 05:00:00
4080,97.22,98.8,97.22,97.27,681345,2018-08-22 05:00:00
4081,97.26,97.77,96.27,96.4,569109,2018-08-23 05:00:00
4082,96.63,96.84,96.29,96.5,484202,2018-08-24 05:00:00
4083,96.73,97.48,96.52,96.81,820004,2018-08-27 05:00:00
4084,96.95,97.26,96.07,96.32,560543,2018-08-28 05:00:00
4085,96.27,96.52,95.64,96.07,593202,2018-08-29 05:00:00
4086,96.03,96.13,94.77,95.58,689900,2018-08-30 05:00:00
4087,95.7,96.37,95.27,96.08,939454,2018-08-31 05:00:00
4088,95.86,97.26,95.63,96.09,826533,2018-09-04 05:00:00
4089,95.47,97.02,95.47,96.57,1158164,2018-09-05 05:00:00
4090,96.37,98.0,96.37,97.2,1258032,2018-09-06 05:00:00
4091,96.94,97.72,95.86,96.44,638236,2018-09-07 05:00:00
4092,97.04,100.21,96.12,100.18,1609092,2018-09-10 05:00:00
4093,100.0,101.2,99.465,99.66,1238461,2018-09-11 05:00:00
4094,99.45,99.84,98.09,99.11,592100,2018-09-12 05:00:00
4095,99.64,99.93,98.28,98.53,843964,2018-09-13 05:00:00
4096,98.65,100.54,98.65,100.09,988334,2018-09-14 05:00:00
4097,100.21,100.2216,95.96,96.71,1187773,2018-09-17 05:00:00
4098,96.84,97.51,95.98,97.19,700185,2018-09-18 05:00:00
4099,97.14,98.04,96.73,96.86,546443,2018-09-19 05:00:00
4100,97.19,98.49,96.115,96.36,697100,2018-09-20 05:00:00
4101,96.83,97.72,96.09,97.57,1313346,2018-09-21 05:00:00
4102,97.27,98.07,96.11,96.36,720662,2018-09-24 05:00:00
4103,96.34,96.62,95.5,96.19,764975,2018-09-25 05:00:00
4104,96.58,97.88,96.31,97.23,880338,2018-09-26 05:00:00
4105,97.35,97.98,96.8801,97.39,745487,2018-09-27 05:00:00
4106,97.17,98.04,97.09,97.92,937501,2018-09-28 05:00:00
4107,98.66,98.95,97.44,97.84,848150,2018-10-01 05:00:00
4108,97.94,98.11,96.83,97.05,867058,2018-10-02 05:00:00
4109,97.35,98.6,96.82,97.93,954822,2018-10-03 05:00:00
4110,97.82,98.62,97.22,97.54,824618,2018-10-04 05:00:00
4111,97.29,98.14,96.365,97.28,934634,2018-10-05 05:00:00
4112,97.42,98.12,96.62,97.76,663325,2018-10-08 05:00:00
4113,97.74,98.16,96.15,96.25,961557,2018-10-09 05:00:00
4114,95.99,95.99,92.54,92.55,1900897,2018-10-10 05:00:00
4115,92.5,93.18,90.76,91.11,1401791,2018-10-11 05:00:00
4116,92.86,93.09,89.99,91.68,1136152,2018-10-12 05:00:00
4117,92.1,93.32,91.035,93.01,1105810,2018-10-15 05:00:00
4118,94.0,94.63,93.5,94.2,1127094,2018-10-16 05:00:00
4119,94.04,94.32,91.83,93.68,979246,2018-10-17 05:00:00
4120,93.98,94.31,92.63,93.34,1210464,2018-10-18 05:00:00
4121,93.22,93.88,90.43,90.86,1920831,2018-10-19 05:00:00
4122,90.71,91.98,89.99,91.64,1004398,2018-10-22 05:00:00
4123,90.0,90.54,87.58,88.4,1393400,2018-10-23 05:00:00
4124,87.95,88.84,86.09,86.29,1129819,2018-10-24 05:00:00
4125,86.86,88.11,86.56,87.41,1029026,2018-10-25 05:00:00
4126,86.64,87.43,84.77,86.19,1323916,2018-10-26 05:00:00
4127,87.19,88.42,85.875,87.06,1051753,2018-10-29 05:00:00
4128,87.4,88.87,86.74,88.29,1628851,2018-10-30 05:00:00
4129,88.81,92.73,87.33,89.03,3673364,2018-10-31 05:00:00
4130,89.04,91.22,88.11,90.9,1509864,2018-11-01 05:00:00
4131,91.46,92.345,88.19,88.7,1506006,2018-11-02 05:00:00
4132,88.98,89.45,87.5,88.13,1226103,2018-11-05 06:00:00
4133,88.28,89.39,88.11,88.83,1264294,2018-11-06 06:00:00
4134,89.5,90.97,88.125,90.87,671803,2018-11-07 06:00:00
4135,90.78,91.45,89.86,91.37,889880,2018-11-08 06:00:00
4136,91.14,91.571,89.58,89.61,1177433,2018-11-09 06:00:00
4137,89.45,90.39,87.98,88.15,1221274,2018-11-12 06:00:00
4138,88.55,89.065,87.66,88.19,1076126,2018-11-13 06:00:00
4139,88.67,90.6748,88.27,90.0,1249274,2018-11-14 06:00:00
4140,89.62,91.8,88.77,91.26,1202561,2018-11-15 06:00:00
4141,90.94,91.5,90.055,90.8,1017255,2018-11-16 06:00:00
4142,90.72,91.21,89.87,90.57,870609,2018-11-19 06:00:00
4143,89.82,90.47,87.8124,88.04,753564,2018-11-20 06:00:00
4144,88.52,89.33,88.18,89.24,775548,2018-11-21 06:00:00
4145,88.93,89.99,88.57,89.23,385339,2018-11-23 06:00:00
4146,90.0,90.75,89.12,90.7,729679,2018-11-26 06:00:00
4147,90.3,91.05,89.54,91.03,1083317,2018-11-27 06:00:00
4148,91.15,92.51,91.07,91.89,1695200,2018-11-28 06:00:00
4149,91.89,92.2454,91.03,91.75,852035,2018-11-29 06:00:00
4150,92.0,92.99,91.46,92.33,2244942,2018-11-30 06:00:00
4151,93.5,94.34,91.26,91.47,1605498,2018-12-03 06:00:00
4152,90.95,92.1,88.4,88.87,2165761,2018-12-04 06:00:00
4153,88.01,90.18,87.25,90.05,1221890,2018-12-06 06:00:00
4154,90.03,90.81,87.36,87.69,1271357,2018-12-07 06:00:00
4155,87.58,88.11,85.19,87.82,979979,2018-12-10 06:00:00
4156,88.74,89.16,87.41,88.07,931740,2018-12-11 06:00:00
4157,88.9,89.56,87.82,88.12,1053552,2018-12-12 06:00:00
4158,88.37,88.44,83.82,84.83,2178789,2018-12-13 06:00:00
4159,83.83,85.5,83.47,84.65,1920482,2018-12-14 06:00:00
4160,84.6,85.27,83.36,84.84,1272309,2018-12-17 06:00:00
4161,85.42,86.26,84.64,84.98,1218701,2018-12-18 06:00:00
4162,84.44,86.86,83.68,83.88,1535454,2018-12-19 06:00:00
4163,83.49,84.15,81.78,82.59,1759406,2018-12-20 06:00:00
4164,82.13,83.99,80.83,80.87,2206198,2018-12-21 06:00:00
4165,80.75,81.29,78.92,79.06,715866,2018-12-24 06:00:00
4166,79.37,82.3,78.83,82.22,1366669,2018-12-26 06:00:00
4167,81.21,83.45,80.8049,83.33,1253817,2018-12-27 06:00:00
4168,83.84,84.7834,82.69,83.21,848854,2018-12-28 06:00:00
4169,83.55,84.2,83.13,84.09,702841,2018-12-31 06:00:00
4170,82.67,83.8,82.22,82.98,937169,2019-01-02 06:00:00
4171,82.14,82.71,79.82,79.92,1127410,2019-01-03 06:00:00
4172,80.94,83.16,80.92,82.69,1724728,2019-01-04 06:00:00
4173,82.34,83.635,81.58,83.09,1311580,2019-01-07 06:00:00
4174,83.58,84.06,83.01,83.76,1085771,2019-01-08 06:00:00
4175,84.24,85.09,83.53,84.72,743617,2019-01-09 06:00:00
4176,84.64,85.5,83.76,85.44,955704,2019-01-10 06:00:00
4177,84.8,85.97,84.345,85.63,613221,2019-01-11 06:00:00
4178,84.77,85.99,84.4351,85.85,784841,2019-01-14 06:00:00
4179,85.73,86.07,84.74,85.23,1037069,2019-01-15 06:00:00
4180,85.38,85.95,84.74,85.02,843273,2019-01-16 06:00:00
4181,84.88,86.375,84.645,86.04,1085009,2019-01-17 06:00:00
4182,87.47,88.74,86.88,88.67,3483345,2019-01-18 06:00:00
4183,88.13,88.635,86.35,86.95,2219942,2019-01-22 06:00:00
4184,87.03,87.18,85.66,86.98,1282649,2019-01-23 06:00:00
4185,87.23,87.4005,86.23,86.54,1013986,2019-01-24 06:00:00
4186,87.31,87.71,86.715,87.05,1460937,2019-01-25 06:00:00
4187,87.17,87.31,86.01,86.77,1163861,2019-01-28 06:00:00
4188,86.61,87.23,86.21,86.61,1538711,2019-01-29 06:00:00
4189,87.51,87.73,85.0,86.73,4158203,2019-01-30 06:00:00
4190,86.6,87.48,85.69,86.77,1767473,2019-01-31 06:00:00
4191,86.67,87.95,86.23,87.72,1279313,2019-02-01 06:00:00
4192,87.66,88.62,86.91,88.62,1194754,2019-02-04 06:00:00
4193,88.64,89.73,88.37,89.72,1279796,2019-02-05 06:00:00
4194,89.61,91.195,89.61,90.79,1627797,2019-02-06 06:00:00
4195,90.15,91.11,89.93,90.36,1419466,2019-02-07 06:00:00
4196,89.96,90.49,88.88,90.36,836787,2019-02-08 06:00:00
4197,90.21,91.12,89.95,90.09,792842,2019-02-11 06:00:00
4198,90.71,91.69,90.45,91.01,913371,2019-02-12 06:00:00
4199,90.87,91.08,89.89,90.9,758860,2019-02-13 06:00:00
4200,90.41,91.475,90.2,90.7,751555,2019-02-14 06:00:00
4201,91.09,91.925,90.17,91.45,1202096,2019-02-15 06:00:00
4202,91.13,92.44,90.94,91.95,1020388,2019-02-19 06:00:00
4203,91.73,92.24,91.37,92.02,792034,2019-02-20 06:00:00
4204,91.85,92.49,91.57,92.18,1035363,2019-02-21 06:00:00
4205,92.26,92.6,91.4,91.94,711606,2019-02-22 06:00:00
4206,92.39,92.72,90.96,91.03,992972,2019-02-25 06:00:00
4207,91.01,91.58,90.9,91.11,1771868,2019-02-26 06:00:00
4208,90.44,90.9159,89.54,90.07,960406,2019-02-27 06:00:00
4209,89.51,90.415,89.13,90.38,949299,2019-02-28 06:00:00
4210,91.08,91.99,89.755,90.2,1424029,2019-03-01 06:00:00
4211,90.4,91.13,88.53,88.74,1416354,2019-03-04 06:00:00
4212,88.9,89.12,87.96,88.83,903098,2019-03-05 06:00:00
4213,88.99,89.305,87.52,87.99,893634,2019-03-06 06:00:00
4214,87.68,88.2,86.87,87.47,960202,2019-03-07 06:00:00
4215,86.94,87.59,86.15,87.44,563817,2019-03-08 06:00:00
4216,87.33,88.91,87.17,88.87,777039,2019-03-11 05:00:00
4217,89.08,89.7,88.22,88.75,592309,2019-03-12 05:00:00
4218,89.0,89.81,88.35,89.08,735238,2019-03-13 05:00:00
4219,89.4,89.85,88.75,89.34,750463,2019-03-14 05:00:00
4220,89.34,90.13,88.69,89.0,1288817,2019-03-15 05:00:00
4221,89.0,90.09,88.835,90.09,732396,2019-03-18 05:00:00
4222,90.14,90.21,88.05,88.31,961137,2019-03-19 05:00:00
4223,87.9,88.63,86.4541,86.64,756064,2019-03-20 05:00:00
4224,86.47,87.5,86.04,87.28,763518,2019-03-21 05:00:00
4225,86.95,86.95,84.64,84.68,1094915,2019-03-22 05:00:00
4226,84.57,84.85,82.95,83.43,1619071,2019-03-25 05:00:00
4227,83.91,85.64,83.16,85.54,1645512,2019-03-26 05:00:00
4228,85.6,86.41,85.05,85.82,1027307,2019-03-27 05:00:00
4229,85.9,86.85,85.73,86.28,910341,2019-03-28 05:00:00
4230,86.55,87.05,86.35,86.99,1273399,2019-03-29 05:00:00
4231,87.62,88.47,87.2,88.3,695490,2019-04-01 05:00:00
4232,88.59,88.93,87.97,88.49,1268563,2019-04-02 05:00:00
4233,88.95,90.33,88.5,88.7,1178133,2019-04-03 05:00:00
4234,88.96,90.33,88.92,89.23,659287,2019-04-04 05:00:00
4235,89.32,89.92,89.02,89.46,476196,2019-04-05 05:00:00
4236,89.36,90.0,89.05,89.62,624157,2019-04-08 05:00:00
4237,89.16,89.43,88.45,89.23,673104,2019-04-09 05:00:00
4238,89.1,89.1,87.79,88.33,760635,2019-04-10 05:00:00
4239,88.95,89.87,88.76,89.67,871345,2019-04-11 05:00:00
4240,90.0,90.97,89.7,90.79,813281,2019-04-12 05:00:00
4241,90.94,91.49,90.2,90.88,946228,2019-04-15 05:00:00
4242,87.72,89.875,87.5,89.52,1869164,2019-04-16 05:00:00
4243,90.1,90.14,89.33,89.47,872758,2019-04-17 05:00:00
4244,89.77,90.8888,89.3,89.99,760754,2019-04-18 05:00:00
4245,89.59,90.23,89.29,90.16,641526,2019-04-22 05:00:00
4246,90.59,91.43,90.22,90.73,932149,2019-04-23 05:00:00
4247,90.65,91.965,90.65,91.42,910891,2019-04-24 05:00:00
4248,91.28,91.28,87.88,88.58,1059894,2019-04-25 05:00:00
4249,88.7,88.94,87.49,87.76,1893041,2019-04-26 05:00:00
4250,87.44,87.44,80.97,81.11,3803250,2019-04-29 05:00:00
4251,81.46,82.11,80.95,81.0,2914618,2019-04-30 05:00:00
4252,78.62,82.43,77.72,80.73,5235634,2019-05-01 05:00:00
4253,81.04,84.6599,80.72,83.42,3730664,2019-05-02 05:00:00
4254,84.25,84.97,83.16,83.9,1673567,2019-05-03 05:00:00
4255,82.81,83.97,82.15,83.21,1144924,2019-05-06 05:00:00
4256,82.67,83.135,82.08,82.55,1769010,2019-05-07 05:00:00
4257,82.63,84.46,82.03,83.26,2017834,2019-05-08 05:00:00
4258,83.08,83.89,82.32,82.68,1783463,2019-05-09 05:00:00
4259,82.56,82.56,80.51,81.73,1349264,2019-05-10 05:00:00
4260,80.42,81.33,79.75,80.05,1388278,2019-05-13 05:00:00
4261,80.42,82.13,80.33,81.39,1057785,2019-05-14 05:00:00
4262,81.01,82.0146,80.61,81.86,915454,2019-05-15 05:00:00
4263,82.2,83.65,81.81,82.91,1631470,2019-05-16 05:00:00
4264,82.19,83.24,81.76,82.22,808992,2019-05-17 05:00:00
4265,81.83,82.43,81.485,81.79,1009238,2019-05-20 05:00:00
4266,82.18,82.75,81.78,81.89,718696,2019-05-21 05:00:00
4267,81.37,81.625,80.07,81.18,755551,2019-05-22 05:00:00
4268,80.65,81.63,80.16,80.74,1542841,2019-05-23 05:00:00
4269,81.0,81.2635,79.47,79.72,1453495,2019-05-24 05:00:00
4270,79.82,79.82,78.54,79.01,1994278,2019-05-28 05:00:00
4271,78.95,80.0,78.0,79.69,1260212,2019-05-29 05:00:00
4272,79.84,80.23,77.89,78.79,1400625,2019-05-30 05:00:00
4273,78.01,79.89,78.01,79.63,1919166,2019-05-31 05:00:00
4274,79.39,80.62,79.03,79.8,1049689,2019-06-03 05:00:00
4275,80.35,80.52,79.5,80.24,2216364,2019-06-04 05:00:00
4276,80.19,81.16,79.7,81.0,888744,2019-06-05 05:00:00
4277,80.18,80.41,78.83,79.56,1274871,2019-06-06 05:00:00
4278,79.97,80.97,79.66,79.69,761858,2019-06-07 05:00:00
4279,80.14,81.24,79.98,80.2,828262,2019-06-10 05:00:00
4280,80.77,81.34,80.07,80.41,733131,2019-06-11 05:00:00
4281,80.62,82.26,80.39,82.22,1074446,2019-06-12 05:00:00
4282,82.37,83.75,82.22,83.57,1404667,2019-06-13 05:00:00
4283,83.65,83.81,82.69,83.7,1365006,2019-06-14 05:00:00
4284,83.76,83.76,82.23,82.29,1074364,2019-06-17 05:00:00
4285,83.0,84.3962,82.87,83.5,1084361,2019-06-18 05:00:00
4286,83.57,83.73,82.74,83.37,852315,2019-06-19 05:00:00
4287,84.34,84.5,83.14,84.0,932054,2019-06-20 05:00:00
4288,84.02,84.02,82.86,83.03,1626501,2019-06-21 05:00:00
4289,82.95,83.49,82.37,82.87,1076639,2019-06-24 05:00:00
4290,82.91,83.195,81.48,82.74,965210,2019-06-25 05:00:00
4291,82.62,83.69,82.1,83.32,1229252,2019-06-26 05:00:00
4292,83.63,84.87,83.48,84.17,1074062,2019-06-27 05:00:00
4293,84.33,85.36,84.0,84.35,2101112,2019-06-28 05:00:00
4294,85.31,85.56,83.75,84.31,933069,2019-07-01 05:00:00
4295,84.22,84.77,83.07,83.63,786204,2019-07-02 05:00:00
4296,83.88,85.22,83.874,85.04,500541,2019-07-03 05:00:00
4297,84.57,84.99,83.94,84.9,542345,2019-07-05 05:00:00
4298,84.87,85.03,83.37,83.92,790972,2019-07-08 05:00:00
4299,83.38,84.05,82.21,83.19,960981,2019-07-09 05:00:00
4300,83.38,83.99,82.14,82.19,703148,2019-07-10 05:00:00
4301,82.11,83.05,81.54,82.84,880051,2019-07-11 05:00:00
4302,82.75,85.67,82.75,85.06,1379878,2019-07-12 05:00:00
4303,85.09,85.24,84.27,84.51,769843,2019-07-15 05:00:00
4304,84.61,86.01,83.89,84.95,1698414,2019-07-16 05:00:00
4305,84.6,84.6,82.0,82.25,2522403,2019-07-17 05:00:00
4306,81.84,82.67,81.42,82.46,1641326,2019-07-18 05:00:00
4307,82.65,84.35,82.34,83.65,875802,2019-07-19 05:00:00
4308,83.89,84.39,83.15,83.22,1012682,2019-07-22 05:00:00
4309,83.49,83.54,82.395,83.41,860970,2019-07-23 05:00:00
4310,83.65,86.83,83.43,85.89,2019744,2019-07-24 05:00:00
4311,85.83,86.36,83.45,84.07,1855107,2019-07-25 05:00:00
4312,83.58,85.27,83.45,85.12,1344579,2019-07-26 05:00:00
4313,84.85,85.81,84.62,85.06,1232616,2019-07-29 05:00:00
4314,84.85,85.88,84.35,84.77,1437213,2019-07-30 05:00:00
4315,81.76,84.41,79.52,83.73,3196583,2019-07-31 05:00:00
4316,83.13,83.29,80.16,81.0,2330531,2019-08-01 05:00:00
4317,81.16,82.63,81.03,81.66,1308204,2019-08-02 05:00:00
4318,81.0,81.49,80.57,81.16,2238568,2019-08-05 05:00:00
4319,81.72,82.2,80.87,81.33,1005029,2019-08-06 05:00:00
4320,80.91,83.67,80.53,83.5,2055812,2019-08-07 05:00:00
4321,83.75,86.47,83.6,86.06,1820956,2019-08-08 05:00:00
4322,86.09,87.06,84.4,84.48,1800240,2019-08-09 05:00:00
4323,84.26,85.11,83.58,84.43,1097474,2019-08-12 05:00:00
4324,84.53,85.58,83.81,84.63,1105693,2019-08-13 05:00:00
4325,83.66,84.01,82.1,82.39,1097304,2019-08-14 05:00:00
4326,82.64,83.16,82.0,82.9,1032232,2019-08-15 05:00:00
4327,83.53,84.33,82.87,83.82,1115624,2019-08-16 05:00:00
4328,84.62,85.81,84.1,84.31,1474802,2019-08-19 05:00:00
4329,84.42,84.84,83.7,84.17,1491213,2019-08-20 05:00:00
4330,84.76,85.16,84.145,84.26,1140727,2019-08-21 05:00:00
4331,84.43,84.73,83.15,83.72,1237635,2019-08-22 05:00:00
4332,83.58,83.58,81.88,82.23,1170513,2019-08-23 05:00:00
4333,82.67,83.21,82.12,83.09,892265,2019-08-26 05:00:00
4334,83.68,83.92,82.21,82.33,936019,2019-08-27 05:00:00
4335,82.34,83.53,81.69,83.17,1004565,2019-08-28 05:00:00
4336,84.0,85.31,83.76,84.12,883495,2019-08-29 05:00:00
4337,84.6,85.5,84.22,84.49,820938,2019-08-30 05:00:00
4338,83.68,84.5,81.88,82.05,1365396,2019-09-03 05:00:00
4339,82.67,83.24,82.23,82.76,917995,2019-09-04 05:00:00
4340,83.12,84.115,83.04,83.94,853931,2019-09-05 05:00:00
4341,84.24,84.64,83.11,83.28,1586230,2019-09-06 05:00:00
4342,83.42,83.8,82.47,83.29,1470665,2019-09-09 05:00:00
4343,83.44,87.39,83.41,86.7,2586131,2019-09-10 05:00:00
4344,86.61,89.17,85.75,89.07,2301958,2019-09-11 05:00:00
4345,89.07,89.07,85.92,86.45,1145697,2019-09-12 05:00:00
4346,86.5,87.42,86.37,87.1,1040040,2019-09-13 05:00:00
4347,86.36,86.8313,84.74,85.29,982172,2019-09-16 05:00:00
4348,85.5,86.4,84.64,86.25,1339816,2019-09-17 05:00:00
4349,85.67,86.94,84.92,86.79,1213104,2019-09-18 05:00:00
4350,86.38,86.6,85.475,85.6,966645,2019-09-19 05:00:00
4351,86.1,86.33,84.055,84.5,1636477,2019-09-20 05:00:00
4352,84.27,84.545,83.7,83.89,960703,2019-09-23 05:00:00
4353,84.23,84.56,83.01,83.18,1103374,2019-09-24 05:00:00
4354,83.46,84.97,83.2,84.86,1077535,2019-09-25 05:00:00
4355,84.48,84.65,84.02,84.09,628401,2019-09-26 05:00:00
4356,84.59,84.88,83.36,83.79,701544,2019-09-27 05:00:00
4357,84.23,85.26,84.165,84.78,1073473,2019-09-30 05:00:00
4358,85.21,85.88,83.04,83.57,1269310,2019-10-01 05:00:00
4359,83.26,84.055,82.0,82.2,1859555,2019-10-02 05:00:00
4360,81.95,82.47,80.88,82.1,1262344,2019-10-03 05:00:00
4361,82.37,83.47,82.36,83.29,761006,2019-10-04 05:00:00
4362,82.93,83.85,82.2,83.43,880481,2019-10-07 05:00:00
4363,82.95,82.95,82.11,82.15,1046021,2019-10-08 05:00:00
4364,82.83,83.34,82.63,83.02,586429,2019-10-09 05:00:00
4365,82.87,84.37,82.865,84.33,1119161,2019-10-10 05:00:00
4366,84.96,86.17,84.96,85.25,958513,2019-10-11 05:00:00
4367,85.24,85.67,84.7,85.32,802740,2019-10-14 05:00:00
4368,84.73,86.25,84.36,85.29,1370646,2019-10-15 05:00:00
4369,84.25,86.68,84.16,86.0,1655162,2019-10-16 05:00:00
4370,86.36,87.005,86.265,86.66,1117151,2019-10-17 05:00:00
4371,86.74,87.3,85.88,86.555,1043585,2019-10-18 05:00:00
4372,87.02,87.5,86.17,86.81,886224,2019-10-21 05:00:00
4373,86.58,88.91,86.09,88.85,1193792,2019-10-22 05:00:00
4374,89.1,90.04,88.49,89.04,1597957,2019-10-23 05:00:00
4375,88.53,88.77,87.235,87.68,1577013,2019-10-24 05:00:00
4376,87.35,90.19,87.35,90.11,1468643,2019-10-25 05:00:00
4377,91.01,91.23,90.09,90.33,1597866,2019-10-28 05:00:00
4378,89.83,91.17,89.46,90.52,2495669,2019-10-29 05:00:00
4379,82.1,83.0,76.281,77.08,10663777,2019-10-30 05:00:00
4380,77.09,77.8,74.93,75.64,4676750,2019-10-31 05:00:00
4381,74.37,75.98,74.12,74.7,4238809,2019-11-01 05:00:00
4382,74.23,75.8,74.23,75.53,5828660,2019-11-04 06:00:00
4383,75.89,76.57,75.21,76.34,4358759,2019-11-05 06:00:00
4384,76.71,78.74,76.16,78.61,2471424,2019-11-06 06:00:00
4385,78.7,79.57,78.365,79.14,2064918,2019-11-07 06:00:00
4386,79.07,79.3806,77.98,78.06,1650512,2019-11-08 06:00:00
4387,77.53,78.35,76.83,76.86,1081761,2019-11-11 06:00:00
4388,76.75,76.845,75.46,75.5,1734460,2019-11-12 06:00:00
4389,75.08,75.28,74.5,74.63,1694398,2019-11-13 06:00:00
4390,74.61,75.43,74.39,74.67,1381791,2019-11-14 06:00:00
4391,74.89,75.26,74.38,74.72,1071646,2019-11-15 06:00:00
4392,74.51,75.295,74.4,75.2,1167596,2019-11-18 06:00:00
4393,75.54,76.045,74.94,75.9,1285189,2019-11-19 06:00:00
4394,75.48,75.99,75.06,75.56,975495,2019-11-20 06:00:00
4395,75.51,75.8,74.41,74.6,941423,2019-11-21 06:00:00
4396,74.99,75.71,74.48,75.59,792181,2019-11-22 06:00:00
4397,75.92,76.57,75.5,76.21,842663,2019-11-25 06:00:00
4398,76.03,77.31,76.03,77.05,2033564,2019-11-26 06:00:00
4399,77.19,78.06,77.0175,77.75,1527532,2019-11-27 06:00:00
4400,78.14,78.21,76.8,76.85,922587,2019-11-29 06:00:00
4401,76.95,78.47,76.85,77.75,1674993,2019-12-02 06:00:00
4402,77.71,77.71,75.58,76.02,1405241,2019-12-03 06:00:00
4403,76.04,77.08,76.02,76.39,983712,2019-12-04 06:00:00
4404,76.63,76.86,75.72,76.31,1101789,2019-12-05 06:00:00
4405,77.15,77.59,75.83,76.02,1129570,2019-12-06 06:00:00
4406,76.08,76.59,75.75,76.27,830936,2019-12-09 06:00:00
4407,76.08,76.78,75.455,75.8,1156185,2019-12-10 06:00:00
4408,75.87,76.355,75.47,75.89,872558,2019-12-11 06:00:00
4409,75.91,78.09,75.8,77.98,1229652,2019-12-12 06:00:00
4410,77.51,77.62,76.12,76.55,1063859,2019-12-13 06:00:00
4411,76.75,77.35,76.43,77.05,827940,2019-12-16 06:00:00
4412,76.65,77.89,76.65,77.77,1091731,2019-12-17 06:00:00
4413,77.52,77.9,77.335,77.75,1237803,2019-12-18 06:00:00
4414,77.98,77.99,76.64,76.73,1616370,2019-12-19 06:00:00
4415,77.01,77.205,75.5,76.8,2522344,2019-12-20 06:00:00
4416,77.0,77.33,76.52,76.81,909734,2019-12-23 06:00:00
4417,76.72,77.55,76.55,77.54,298542,2019-12-24 06:00:00
4418,77.75,77.97,77.34,77.91,590746,2019-12-26 06:00:00
4419,78.09,78.5,77.79,77.93,1076913,2019-12-27 06:00:00
4420,78.28,78.399,77.41,77.54,588289,2019-12-30 06:00:00
4421,77.53,78.265,77.18,78.2,882342,2019-12-31 06:00:00
4422,78.5,78.5,76.91,77.83,1258782,2020-01-02 06:00:00
4423,77.11,77.8,76.78,77.74,891956,2020-01-03 06:00:00
4424,77.07,77.62,75.86,76.51,1098863,2020-01-06 06:00:00
4425,76.61,78.44,76.21,78.32,1147060,2020-01-07 06:00:00
4426,78.33,79.69,78.265,78.8,1132390,2020-01-08 06:00:00
4427,79.23,79.63,78.305,79.43,816366,2020-01-09 06:00:00
4428,79.32,80.41,79.32,80.12,1427079,2020-01-10 06:00:00
4429,80.0,80.62,79.67,80.46,938769,2020-01-13 06:00:00
4430,80.29,82.08,80.29,81.75,1377883,2020-01-14 06:00:00
4431,83.61,83.8,82.295,83.5,2229506,2020-01-15 06:00:00
4432,83.82,84.925,83.54,84.1,2758140,2020-01-16 06:00:00
4433,82.01,83.58,80.4,80.74,2780349,2020-01-17 06:00:00
4434,80.48,81.05,79.93,80.2,1497484,2020-01-21 06:00:00
4435,80.51,80.82,79.42,80.31,1045587,2020-01-22 06:00:00
4436,80.18,80.22,78.87,79.8,1078002,2020-01-23 06:00:00
4437,79.71,80.12,79.08,79.62,930219,2020-01-24 06:00:00
4438,78.65,79.56,78.01,78.47,1462152,2020-01-27 06:00:00
4439,78.48,78.99,77.85,77.88,2107412,2020-01-28 06:00:00
4440,72.53,75.19,71.76,73.41,4850524,2020-01-29 06:00:00
4441,72.15,73.49,71.8,72.64,1931556,2020-01-30 06:00:00
4442,72.56,73.29,71.83,72.22,2216489,2020-01-31 06:00:00
4443,72.93,73.14,71.73,72.01,1542940,2020-02-03 06:00:00
4444,72.68,72.75,71.74,72.23,1328895,2020-02-04 06:00:00
4445,72.75,73.44,72.29,72.74,1106260,2020-02-05 06:00:00
4446,73.14,73.95,72.36,73.58,1699747,2020-02-06 06:00:00
4447,73.61,75.66,73.61,74.38,1656617,2020-02-07 06:00:00
4448,74.08,74.47,72.7,72.92,1092013,2020-02-10 06:00:00
4449,73.1,73.66,72.64,72.72,741485,2020-02-11 06:00:00
4450,73.0,73.49,72.66,73.32,1240175,2020-02-12 06:00:00
4451,73.09,73.36,71.99,72.13,965603,2020-02-13 06:00:00
4452,72.03,72.4,71.7,72.01,904813,2020-02-14 06:00:00
4453,71.86,72.46,71.75,72.45,731804,2020-02-18 06:00:00
4454,72.6,73.93,72.59,73.48,814557,2020-02-19 06:00:00
4455,73.63,74.96,73.26,74.82,1579119,2020-02-20 06:00:00
4456,74.09,75.6,73.7,74.55,1497184,2020-02-21 06:00:00
4457,73.21,74.0,71.62,72.14,1657926,2020-02-24 06:00:00
4458,72.31,72.97,70.48,71.85,2344924,2020-02-25 06:00:00
4459,72.53,72.93,71.2,71.66,1107354,2020-02-26 06:00:00
4460,70.31,72.24,69.87,69.87,2325614,2020-02-27 06:00:00
4461,68.94,69.77,67.35,68.9,3375806,2020-02-28 06:00:00
4462,69.03,70.12,68.38,70.09,1786155,2020-03-02 06:00:00
4463,69.63,70.7,67.14,68.27,1442683,2020-03-03 06:00:00
4464,69.12,70.88,67.59,70.79,1394055,2020-03-04 06:00:00
4465,68.32,69.415,65.9,66.38,2230209,2020-03-05 06:00:00
4466,64.61,66.39,64.0989,66.08,4034109,2020-03-06 06:00:00
4467,61.92,64.53,61.76,62.67,3181247,2020-03-09 05:00:00
4468,64.3,65.04,62.42,64.78,1552329,2020-03-10 05:00:00
4469,63.55,64.84,62.93,64.11,2163195,2020-03-11 05:00:00
4470,60.54,62.96,57.25,60.11,3143080,2020-03-12 05:00:00
4471,62.41,64.28,59.18,62.37,2217481,2020-03-13 05:00:00
4472,58.18,61.82,56.9393,61.06,2906283,2020-03-16 05:00:00
4473,62.0,66.91,58.25,64.6,3415685,2020-03-17 05:00:00
4474,62.24,66.26,61.01,64.85,3763432,2020-03-18 05:00:00
4475,64.69,67.29,60.56,64.06,3296772,2020-03-19 05:00:00
4476,64.57,69.93,63.75,63.91,2945248,2020-03-20 05:00:00
4477,64.58,64.92,60.92,63.24,3002997,2020-03-23 05:00:00
4478,65.45,67.048,62.24,63.55,2409522,2020-03-24 05:00:00
4479,63.89,64.63,60.37,62.29,3852586,2020-03-25 05:00:00
4480,62.49,66.95,62.005,65.89,3038632,2020-03-26 05:00:00
4481,63.0,65.37,62.21,62.51,2576559,2020-03-27 05:00:00
4482,62.57,65.36,61.94,65.19,1658682,2020-03-30 05:00:00
4483,64.79,66.72,64.23,66.2,2481650,2020-03-31 05:00:00
4484,64.92,68.85,64.7,66.57,2847459,2020-04-01 05:00:00
4485,65.79,69.56,65.79,68.92,2834575,2020-04-02 05:00:00
4486,68.63,69.77,67.63,68.15,2166501,2020-04-03 05:00:00
4487,69.73,73.08,69.45,72.39,2201161,2020-04-06 05:00:00
4488,73.5,74.76,71.45,71.84,2132930,2020-04-07 05:00:00
4489,72.3,73.45,71.05,72.82,1748933,2020-04-08 05:00:00
4490,72.93,74.32,71.95,73.22,1584325,2020-04-09 05:00:00
4491,72.93,73.95,70.535,71.27,1618157,2020-04-13 05:00:00
4492,72.24,73.34,70.4,70.99,2097483,2020-04-14 05:00:00
4493,69.94,71.09,68.61,70.92,2478110,2020-04-15 05:00:00
4494,71.07,74.26,70.93,74.22,2002858,2020-04-16 05:00:00
4495,73.98,74.725,72.3,74.23,1907462,2020-04-17 05:00:00
4496,73.71,74.97,72.15,72.32,1728140,2020-04-20 05:00:00
4497,71.52,72.25,70.3686,70.96,1614685,2020-04-21 05:00:00
4498,72.06,72.465,71.24,71.58,1230081,2020-04-22 05:00:00
4499,71.63,72.43,70.17,70.48,1557800,2020-04-23 05:00:00
4500,71.01,72.33,70.61,72.28,1768938,2020-04-24 05:00:00
4501,72.85,74.64,72.12,74.04,1191677,2020-04-27 05:00:00
4502,74.06,75.49,73.56,74.01,1710829,2020-04-28 05:00:00
4503,73.4,73.49,68.46,71.26,3867464,2020-04-29 05:00:00
4504,72.03,72.16,70.74,70.9,3136145,2020-04-30 05:00:00
4505,70.11,70.89,69.41,70.83,1785413,2020-05-01 05:00:00
4506,71.54,71.69,69.13,69.94,1886476,2020-05-04 05:00:00
4507,70.62,71.91,70.34,71.13,1237204,2020-05-05 05:00:00
4508,71.7,71.75,69.85,70.43,1288834,2020-05-06 05:00:00
4509,71.1,72.31,70.8,71.95,1380462,2020-05-07 05:00:00
4510,72.5,74.04,72.23,73.8,1466743,2020-05-08 05:00:00
4511,73.45,75.17,73.23,74.4,1414343,2020-05-11 05:00:00
4512,74.92,75.28,72.51,72.72,2097151,2020-05-12 05:00:00
4513,72.98,73.36,71.01,71.79,2241239,2020-05-13 05:00:00
4514,71.23,72.265,70.42,72.18,2162157,2020-05-14 05:00:00
4515,72.65,73.5,71.98,72.5,3587864,2020-05-15 05:00:00
4516,74.12,78.25,73.91,77.84,3280724,2020-05-18 05:00:00
4517,77.82,78.28,75.69,75.96,1810215,2020-05-19 05:00:00
4518,76.89,79.86,76.59,77.62,2144057,2020-05-20 05:00:00
4519,77.23,78.3,77.0,77.9,1403066,2020-05-21 05:00:00
4520,77.74,78.19,77.37,77.855,1098327,2020-05-22 05:00:00
4521,78.87,79.78,78.125,78.25,1491066,2020-05-26 05:00:00
4522,78.31,80.25,78.1,80.16,2337255,2020-05-27 05:00:00
4523,80.22,81.85,80.22,80.86,2001703,2020-05-28 05:00:00
4524,80.92,82.88,79.5613,81.13,7262217,2020-05-29 05:00:00
4525,80.9,81.12,80.05,80.66,1115405,2020-06-01 05:00:00
4526,81.39,82.32,78.935,82.18,1291199,2020-06-02 05:00:00
4527,83.0,84.06,82.5,83.81,1706671,2020-06-03 05:00:00
4528,82.88,83.33,81.725,82.3,1540233,2020-06-04 05:00:00
4529,83.12,84.66,82.78,83.06,1512675,2020-06-05 05:00:00
4530,82.92,85.24,82.92,85.1,1418702,2020-06-08 05:00:00
4531,84.87,84.87,82.94,83.09,1238427,2020-06-09 05:00:00
4532,83.5,83.62,82.06,82.2,1517322,2020-06-10 05:00:00
4533,81.5,81.87,78.03,78.77,1677968,2020-06-11 05:00:00
4534,80.31,80.58,76.94,77.73,1323111,2020-06-12 05:00:00
4535,76.27,78.39,75.645,78.13,1391327,2020-06-15 05:00:00
4536,80.0,80.54,77.71,78.09,1456443,2020-06-16 05:00:00
4537,78.65,79.47,78.18,78.64,1189691,2020-06-17 05:00:00
4538,78.27,78.86,77.05,77.86,1770738,2020-06-18 05:00:00
4539,78.82,78.82,77.165,77.75,3577889,2020-06-19 05:00:00
4540,77.22,77.31,75.58,77.04,1277267,2020-06-22 05:00:00
4541,78.0,78.0,77.0,77.31,1819094,2020-06-23 05:00:00
4542,77.0,79.11,76.6297,78.54,1318094,2020-06-24 05:00:00
4543,78.54,78.6,76.4401,77.32,1238483,2020-06-25 05:00:00
4544,77.12,77.78,75.95,76.66,3362182,2020-06-26 05:00:00
4545,77.21,77.99,76.835,77.76,1753365,2020-06-29 05:00:00
4546,77.79,79.4,77.535,79.06,1647872,2020-06-30 05:00:00
4547,79.31,80.17,78.29,79.09,1579255,2020-07-01 05:00:00
4548,79.84,79.84,78.47,79.18,2571870,2020-07-02 05:00:00
4549,80.99,81.2,79.9,80.21,2028459,2020-07-06 05:00:00
4550,78.6,80.65,78.56,80.2,1517724,2020-07-07 05:00:00
4551,80.11,80.9,79.91,80.5,1561581,2020-07-08 05:00:00
4552,80.4,81.505,80.4,80.87,1292865,2020-07-09 05:00:00
4553,81.28,82.58,81.28,82.21,1138183,2020-07-10 05:00:00
4554,82.67,82.68,81.78,82.06,1789343,2020-07-13 05:00:00
4555,82.48,83.94,82.11,83.79,1459544,2020-07-14 05:00:00
4556,84.24,85.59,84.0,84.91,1426663,2020-07-15 05:00:00
4557,84.35,86.08,84.23,85.91,1345161,2020-07-16 05:00:00
4558,85.9,86.96,84.873,86.28,1391266,2020-07-17 05:00:00
4559,86.29,86.67,85.03,85.3,973509,2020-07-20 05:00:00
4560,85.37,86.19,85.26,85.58,795570,2020-07-21 05:00:00
4561,85.54,86.25,84.72,85.2,893719,2020-07-22 05:00:00
4562,85.28,85.64,84.74,85.23,1199259,2020-07-23 05:00:00
4563,85.53,86.3699,85.01,86.07,914706,2020-07-24 05:00:00
4564,85.97,88.37,85.97,87.7,1668051,2020-07-27 05:00:00
4565,87.84,88.49,87.04,87.15,3185996,2020-07-28 05:00:00
4566,92.31,99.22,91.75,95.28,5581982,2020-07-29 05:00:00
4567,94.38,96.56,92.45,93.56,2526265,2020-07-30 05:00:00
4568,93.54,93.89,91.81,93.72,2037345,2020-07-31 05:00:00
4569,93.67,94.495,91.86,93.54,1714109,2020-08-03 05:00:00
4570,92.93,95.79,92.17,95.46,2278261,2020-08-04 05:00:00
4571,96.24,96.485,94.42,95.51,1364007,2020-08-05 05:00:00
4572,94.63,95.47,94.2,95.16,691144,2020-08-06 05:00:00
4573,95.05,96.67,94.01,95.79,1270066,2020-08-07 05:00:00
4574,96.35,96.98,95.72,96.64,977372,2020-08-10 05:00:00
4575,97.0,97.49,95.11,95.3,980352,2020-08-11 05:00:00
4576,96.17,96.86,95.51,95.68,1267238,2020-08-12 05:00:00
4577,95.42,95.8,94.46,95.12,1235171,2020-08-13 05:00:00
4578,95.62,96.01,94.69,95.08,910421,2020-08-14 05:00:00
4579,93.73,95.93,93.53,95.28,982075,2020-08-17 05:00:00
4580,95.26,95.65,94.6,94.96,766152,2020-08-18 05:00:00
4581,95.2,95.89,94.67,95.43,785072,2020-08-19 05:00:00
4582,95.2,96.635,94.92,96.53,1089639,2020-08-20 05:00:00
4583,96.17,96.85,95.68,96.49,1225164,2020-08-21 05:00:00
4584,96.95,97.19,95.75,96.98,1051375,2020-08-24 05:00:00
4585,97.33,97.75,96.21,96.55,1008769,2020-08-25 05:00:00
4586,96.27,97.5,95.95,97.28,882242,2020-08-26 05:00:00
4587,97.91,98.98,97.15,98.26,1451890,2020-08-27 05:00:00
4588,98.31,98.88,97.6,98.73,2159071,2020-08-28 05:00:00
4589,98.92,99.67,97.8,98.3,1357484,2020-08-31 05:00:00
4590,98.23,99.34,97.59,99.22,930900,2020-09-01 05:00:00
4591,99.31,99.93,98.83,99.67,1273281,2020-09-02 05:00:00
4592,99.0,99.0,96.72,97.61,1107062,2020-09-03 05:00:00
4593,98.01,98.29,96.23,97.9,1263035,2020-09-04 05:00:00
4594,97.33,97.33,95.69,95.72,1152197,2020-09-08 05:00:00
4595,96.45,99.53,96.45,99.01,1122823,2020-09-09 05:00:00
4596,99.48,101.065,98.39,98.55,1620478,2020-09-10 05:00:00
4597,98.62,99.54,97.79,98.66,1259597,2020-09-11 05:00:00
4598,99.18,101.27,99.0,100.71,2157743,2020-09-14 05:00:00
4599,101.19,104.87,100.92,104.06,2748814,2020-09-15 05:00:00
4600,104.94,105.71,103.34,103.49,2527066,2020-09-16 05:00:00
4601,102.14,104.48,101.95,103.57,1267475,2020-09-17 05:00:00
4602,103.25,104.84,102.52,103.13,2272451,2020-09-18 05:00:00
4603,102.37,102.71,100.29,101.95,1266842,2020-09-21 05:00:00
4604,102.61,103.57,101.92,102.56,1260544,2020-09-22 05:00:00
4605,102.43,103.49,101.07,101.17,1421969,2020-09-23 05:00:00
4606,100.5,102.71,99.31,101.8,1113055,2020-09-24 05:00:00
4607,101.19,102.83,100.97,102.36,848326,2020-09-25 05:00:00
4608,103.5,104.535,102.68,103.25,1043791,2020-09-28 05:00:00
4609,103.61,104.95,102.95,103.7,1202454,2020-09-29 05:00:00
4610,104.11,105.6,101.73,102.19,1514660,2020-09-30 05:00:00
4611,103.09,103.71,100.84,101.22,936376,2020-10-01 05:00:00
4612,100.13,101.69,99.0,100.87,1241137,2020-10-02 05:00:00
4613,102.21,104.34,101.88,104.0,1271823,2020-10-05 05:00:00
4614,103.4,104.27,102.25,103.59,1112592,2020-10-06 05:00:00
4615,104.66,106.47,104.205,106.16,1261006,2020-10-07 05:00:00
4616,106.48,106.75,105.61,106.14,848260,2020-10-08 05:00:00
4617,106.6,106.61,104.82,105.45,1019615,2020-10-09 05:00:00
4618,106.02,106.29,104.48,105.02,952067,2020-10-12 05:00:00
4619,104.96,105.86,104.48,104.61,838185,2020-10-13 05:00:00
4620,105.14,105.53,104.19,104.82,978009,2020-10-14 05:00:00
4621,104.21,105.21,103.54,105.12,880050,2020-10-15 05:00:00
4622,103.9,104.32,100.04,100.23,1926421,2020-10-16 05:00:00
4623,100.26,101.43,99.49,100.0,1357216,2020-10-19 05:00:00
4624,100.67,102.1,99.97,100.51,1019819,2020-10-20 05:00:00
4625,100.44,102.47,99.97,100.77,1251849,2020-10-21 05:00:00
4626,100.62,101.035,99.0,99.58,1144698,2020-10-22 05:00:00
4627,99.8,100.74,99.17,100.54,945222,2020-10-23 05:00:00
4628,100.32,100.43,98.09,99.59,1543958,2020-10-26 05:00:00
4629,99.41,101.6075,99.255,100.03,1626531,2020-10-27 05:00:00
4630,94.43,95.03,88.35,88.58,4192738,2020-10-28 05:00:00
4631,88.01,91.37,88.0,90.08,2031656,2020-10-29 05:00:00
4632,89.62,90.0,86.8,88.43,2411403,2020-10-30 05:00:00
4633,89.97,90.04,86.78,87.34,1800183,2020-11-02 06:00:00
4634,88.5,89.6,87.53,89.22,1352306,2020-11-03 06:00:00
4635,89.13,90.76,88.01,88.11,1173363,2020-11-04 06:00:00
4636,89.68,89.93,87.97,88.8,1399196,2020-11-05 06:00:00
4637,88.84,90.97,88.03,90.62,1362120,2020-11-06 06:00:00
4638,95.23,95.99,91.4845,93.92,2417473,2020-11-09 06:00:00
4639,93.45,94.72,92.5,93.89,1404108,2020-11-10 06:00:00
4640,93.8,94.545,91.99,93.33,1170394,2020-11-11 06:00:00
4641,93.46,93.67,89.81,90.54,1359233,2020-11-12 06:00:00
4642,91.19,92.62,91.18,91.97,836654,2020-11-13 06:00:00
4643,93.15,93.9899,91.67,92.92,968175,2020-11-16 06:00:00
4644,92.81,93.96,91.3,93.55,881496,2020-11-17 06:00:00
4645,93.22,93.97,92.24,92.88,2039504,2020-11-18 06:00:00
4646,92.4,94.02,91.37,93.77,1207584,2020-11-19 06:00:00
4647,94.69,94.86,91.97,92.59,1271990,2020-11-20 06:00:00
4648,92.4,93.52,91.185,92.17,1211263,2020-11-23 06:00:00
4649,92.87,95.06,92.17,94.42,1151263,2020-11-24 06:00:00
4650,94.01,94.205,92.79,93.03,1021272,2020-11-25 06:00:00
4651,92.84,93.25,91.8,92.72,682582,2020-11-27 06:00:00
4652,93.04,94.04,92.63,93.97,2328725,2020-11-30 06:00:00
4653,94.02,95.4,93.56,93.83,1716062,2020-12-01 06:00:00
4654,93.56,93.815,91.25,92.3,951562,2020-12-02 06:00:00
4655,92.11,93.53,92.11,92.53,805795,2020-12-03 06:00:00
4656,92.66,93.35,92.01,92.93,965567,2020-12-04 06:00:00
4657,92.85,93.26,92.53,93.22,655977,2020-12-07 06:00:00
4658,93.05,94.66,92.96,94.28,826573,2020-12-08 06:00:00
4659,94.31,95.14,93.95,95.08,1135754,2020-12-09 06:00:00
4660,93.99,94.93,92.38,92.72,1110243,2020-12-10 06:00:00
4661,92.63,93.66,92.21,93.17,875591,2020-12-11 06:00:00
4662,94.08,94.35,91.34,91.78,1145013,2020-12-14 06:00:00
4663,92.02,92.86,90.21,90.25,1450720,2020-12-15 06:00:00
4664,90.65,91.87,90.45,91.44,798121,2020-12-16 06:00:00
4665,91.94,92.84,91.35,92.29,996933,2020-12-17 06:00:00
4666,91.98,92.94,91.23,92.6,2250799,2020-12-18 06:00:00
4667,91.95,94.42,91.22,93.48,946908,2020-12-21 06:00:00
4668,94.13,94.99,93.12,94.39,1028332,2020-12-22 06:00:00
4669,94.19,95.2,93.26,93.79,925516,2020-12-23 06:00:00
4670,94.72,95.0,93.92,94.66,405830,2020-12-24 06:00:00
4671,94.43,95.565,94.26,94.67,608093,2020-12-28 06:00:00
4672,94.88,95.46,93.3,93.72,1162000,2020-12-29 06:00:00
4673,93.82,94.4,92.77,93.04,623562,2020-12-30 06:00:00
4674,93.24,93.91,92.76,93.87,665166,2020-12-31 06:00:00
4675,93.65,93.97,91.8,92.37,1139071,2021-01-04 06:00:00
4676,91.93,93.58,90.58,91.5,1439849,2021-01-05 06:00:00
4677,92.15,95.4,92.15,95.24,1509382,2021-01-06 06:00:00
4678,95.49,96.33,94.44,96.16,1088709,2021-01-07 06:00:00
4679,96.27,98.65,96.11,97.36,1249714,2021-01-08 06:00:00
4680,97.18,97.2,94.46,96.53,991770,2021-01-11 06:00:00
4681,96.36,98.18,95.25,97.9,936819,2021-01-12 06:00:00
4682,97.86,98.025,95.48,95.71,954030,2021-01-13 06:00:00
4683,96.61,97.7129,95.84,97.37,772879,2021-01-14 06:00:00
4684,97.34,97.895,94.69,95.21,1505679,2021-01-15 06:00:00
4685,96.06,97.99,95.56,96.44,1608635,2021-01-19 06:00:00
4686,97.5,100.5,96.58,98.8,2013850,2021-01-20 06:00:00
4687,98.44,99.9,97.94,97.95,1226722,2021-01-21 06:00:00
4688,96.55,98.37,96.51,97.8,801789,2021-01-22 06:00:00
4689,97.83,99.99,97.68,99.32,1377222,2021-01-25 06:00:00
4690,99.17,100.46,96.6,97.5,2526904,2021-01-26 06:00:00
4691,91.66,95.3983,89.06,91.52,3167120,2021-01-27 06:00:00
4692,92.95,93.525,88.91,88.99,1789575,2021-01-28 06:00:00
4693,88.98,89.41,84.765,85.56,2347454,2021-01-29 06:00:00
4694,85.56,86.82,85.3,86.43,1251813,2021-02-01 06:00:00
4695,87.54,88.8,86.39,86.62,1289547,2021-02-02 06:00:00
4696,86.61,87.52,86.28,86.93,970155,2021-02-03 06:00:00
4697,87.4,87.99,86.24,87.31,888353,2021-02-04 06:00:00
4698,87.38,88.86,86.88,88.84,766023,2021-02-05 06:00:00
4699,89.2,90.09,88.85,89.97,1025246,2021-02-08 06:00:00
4700,90.28,91.92,89.69,91.87,931038,2021-02-09 06:00:00
4701,92.0,92.3,89.92,90.96,897334,2021-02-10 06:00:00
4702,91.53,91.68,89.07,90.28,738170,2021-02-11 06:00:00
4703,90.2,91.47,90.14,91.3,655267,2021-02-12 06:00:00
4704,91.41,92.0,88.335,88.5,1057557,2021-02-16 06:00:00
4705,88.2503,90.04,87.3321,89.95,883692,2021-02-17 06:00:00
4706,89.51,91.44,89.335,91.24,713609,2021-02-18 06:00:00
4707,91.42,92.19,90.54,90.78,941675,2021-02-19 06:00:00
4708,90.73,90.73,89.38,89.82,735404,2021-02-22 06:00:00
4709,89.78,90.73,88.36,89.78,736002,2021-02-23 06:00:00
4710,89.66,90.5,89.23,90.03,1080396,2021-02-24 06:00:00
4711,90.33,91.23,89.755,90.0,904591,2021-02-25 06:00:00
4712,90.0,92.08,89.79,90.85,1404100,2021-02-26 06:00:00
4713,91.47,93.09,91.35,92.22,849618,2021-03-01 06:00:00
4714,92.21,94.31,91.95,93.12,1367855,2021-03-02 06:00:00
4715,92.95,94.93,91.98,92.97,1183172,2021-03-03 06:00:00
4716,92.88,93.33,91.69,91.99,1229393,2021-03-04 06:00:00
4717,92.0,94.59,91.43,94.03,1000007,2021-03-05 06:00:00
4718,94.88,95.365,91.74,91.81,1105488,2021-03-08 06:00:00
4719,92.77,95.16,92.095,93.61,988840,2021-03-09 06:00:00
4720,93.91,94.85,93.59,94.52,800711,2021-03-10 06:00:00
4721,94.21,95.06,93.34,94.53,982872,2021-03-11 06:00:00
4722,95.0,96.325,94.455,95.92,767164,2021-03-12 06:00:00
4723,96.05,97.26,95.97,97.22,739561,2021-03-15 05:00:00
4724,96.88,97.18,94.84,96.18,688416,2021-03-16 05:00:00
4725,96.68,96.68,94.5,95.18,696612,2021-03-17 05:00:00
4726,94.76,97.23,94.76,95.61,844148,2021-03-18 05:00:00
4727,96.31,97.37,95.46,96.7,2266589,2021-03-19 05:00:00
4728,97.28,97.28,94.595,95.59,1311156,2021-03-22 05:00:00
4729,95.39,96.05,94.66,95.11,669375,2021-03-23 05:00:00
4730,95.14,96.64,94.83,95.07,808099,2021-03-24 05:00:00
4731,95.62,96.74,94.6,96.28,699888,2021-03-25 05:00:00
4732,96.86,97.87,96.5,97.7,1159500,2021-03-26 05:00:00
4733,97.7,98.9,96.73,97.41,884576,2021-03-29 05:00:00
4734,97.5,98.38,97.4,97.81,803871,2021-03-30 05:00:00
4735,98.14,98.26,95.08,95.43,1259605,2021-03-31 05:00:00
4736,95.6,97.49,94.995,97.15,919605,2021-04-01 05:00:00
4737,97.97,98.65,97.045,97.68,800606,2021-04-05 05:00:00
4738,97.0,98.25,97.0,97.56,812394,2021-04-06 05:00:00
4739,97.27,97.76,96.03,96.27,620006,2021-04-07 05:00:00
4740,96.07,96.7,95.46,96.51,658752,2021-04-08 05:00:00
4741,96.86,97.81,96.54,97.45,547536,2021-04-09 05:00:00
4742,97.49,99.14,97.22,99.04,762401,2021-04-12 05:00:00
4743,98.8,99.32,97.45,98.21,882285,2021-04-13 05:00:00
4744,98.0,98.73,97.42,98.52,736746,2021-04-14 05:00:00
4745,99.04,101.0299,98.19,100.76,1202533,2021-04-15 05:00:00
4746,101.37,104.35,100.3,100.76,1549632,2021-04-16 05:00:00
4747,100.56,100.56,98.34,98.64,785068,2021-04-19 05:00:00
4748,98.97,99.67,98.33,99.48,704270,2021-04-20 05:00:00
4749,99.68,100.58,98.69,98.95,961986,2021-04-21 05:00:00
4750,98.78,100.04,98.43,99.17,814712,2021-04-22 05:00:00
4751,99.56,100.3,98.84,99.78,840118,2021-04-23 05:00:00
4752,100.62,100.7,97.75,98.14,994680,2021-04-26 05:00:00
4753,98.2,99.26,96.35,96.59,1755563,2021-04-27 05:00:00
4754,93.9,95.0,92.0,93.63,2490439,2021-04-28 05:00:00
4755,93.94,97.44,93.6,97.43,1642717,2021-04-29 05:00:00
4756,97.47,98.52,96.26,97.08,2316260,2021-04-30 05:00:00
4757,97.11,100.0,97.11,99.07,1390498,2021-05-03 05:00:00
4758,99.942,99.942,98.38,99.3,1103634,2021-05-04 05:00:00
4759,99.39,99.75,97.87,98.87,895348,2021-05-05 05:00:00
4760,98.92,99.41,97.15,98.02,962046,2021-05-06 05:00:00
4761,98.06,99.78,97.33,99.51,897430,2021-05-07 05:00:00
4762,100.0,102.65,99.94,101.73,1397973,2021-05-10 05:00:00
4763,101.03,101.2,98.02,99.09,954107,2021-05-11 05:00:00
4764,98.15,98.75,97.03,97.15,1083462,2021-05-12 05:00:00
4765,97.45,99.69,97.3,99.21,668989,2021-05-13 05:00:00
4766,99.36,100.28,98.9,99.78,679846,2021-05-14 05:00:00
4767,99.54,99.99,98.62,99.03,679579,2021-05-17 05:00:00
4768,99.06,99.5,97.41,97.49,660877,2021-05-18 05:00:00
4769,97.03,97.47,95.42,97.38,1011773,2021-05-19 05:00:00
4770,97.35,98.0173,96.4,96.51,946207,2021-05-20 05:00:00
4771,96.37,97.93,96.34,96.58,2444940,2021-05-21 05:00:00
4772,97.62,97.89,96.28,97.72,821847,2021-05-24 05:00:00
4773,97.71,97.86,95.76,96.14,1015635,2021-05-25 05:00:00
4774,96.0,97.35,95.97,97.34,857266,2021-05-26 05:00:00
4775,97.74,98.37,96.94,97.13,1519145,2021-05-27 05:00:00
4776,97.24,98.57,96.79,97.02,936339,2021-05-28 05:00:00
4777,97.64,97.745,96.13,96.42,792149,2021-06-01 05:00:00
4778,96.73,96.73,95.29,95.57,760246,2021-06-02 05:00:00
4779,95.06,96.36,94.35,96.16,1332760,2021-06-03 05:00:00
4780,95.82,96.54,95.58,96.34,971681,2021-06-04 05:00:00
4781,98.58,98.74,96.89,98.55,1071434,2021-06-07 05:00:00
4782,98.13,99.1,97.72,98.67,1035465,2021-06-08 05:00:00
4783,99.11,99.32,98.265,99.0,1165211,2021-06-09 05:00:00
4784,99.36,99.59,98.4,99.17,1106024,2021-06-10 05:00:00
4785,99.3,100.07,99.17,100.0,760448,2021-06-11 05:00:00
4786,100.15,100.22,98.41,98.71,897146,2021-06-14 05:00:00
4787,98.68,99.37,97.87,99.18,742831,2021-06-15 05:00:00
4788,99.37,99.37,96.36,96.47,985981,2021-06-16 05:00:00
4789,96.4,96.685,94.5165,95.02,990019,2021-06-17 05:00:00
4790,93.95,94.39,92.03,92.89,1977451,2021-06-18 05:00:00
4791,93.53,95.08,93.335,94.35,781142,2021-06-21 05:00:00
4792,94.14,95.53,93.76,95.36,867949,2021-06-22 05:00:00
4793,95.54,95.74,94.33,94.35,629599,2021-06-23 05:00:00
4794,95.04,95.04,94.02,94.35,509671,2021-06-24 05:00:00
4795,94.12,95.92,93.76,95.79,1018766,2021-06-25 05:00:00
4796,95.99,95.99,94.11,94.27,711133,2021-06-28 05:00:00
4797,94.29,94.9799,93.52,94.54,704603,2021-06-29 05:00:00
4798,94.21,94.395,93.15,93.67,2089207,2021-06-30 05:00:00
4799,94.14,94.31,92.365,94.21,1300529,2021-07-01 05:00:00
4800,94.25,94.65,93.54,93.78,758440,2021-07-02 05:00:00
4801,93.61,93.61,91.93,92.82,948523,2021-07-06 05:00:00
4802,92.77,93.8,92.36,93.34,847443,2021-07-07 05:00:00
4803,92.52,92.7,91.41,91.76,781977,2021-07-08 05:00:00
4804,92.66,93.37,92.36,93.17,829511,2021-07-09 05:00:00
4805,93.17,93.57,92.405,92.74,686736,2021-07-12 05:00:00
4806,92.02,92.99,92.02,92.62,1005874,2021-07-13 05:00:00
4807,93.09,95.36,92.83,94.65,1332407,2021-07-14 05:00:00
4808,94.21,95.6,93.82,93.94,905344,2021-07-15 05:00:00
4809,94.11,94.21,93.26,93.3,1374836,2021-07-16 05:00:00
4810,92.61,93.445,92.21,93.13,1135505,2021-07-19 05:00:00
4811,93.37,94.42,92.86,93.11,1068821,2021-07-20 05:00:00
4812,93.05,94.04,92.78,93.14,740181,2021-07-21 05:00:00
4813,93.11,93.2,91.67,91.77,1043031,2021-07-22 05:00:00
4814,92.23,92.95,91.24,92.88,707587,2021-07-23 05:00:00
4815,92.61,93.82,92.36,92.5,865610,2021-07-26 05:00:00
4816,91.89,92.29,91.14,91.32,2237475,2021-07-27 05:00:00
4817,86.56,90.0,84.67,88.51,2734282,2021-07-28 05:00:00
4818,89.15,89.96,88.82,89.23,1174114,2021-07-29 05:00:00
4819,89.0,89.68,88.45,89.17,1566054,2021-07-30 05:00:00
4820,89.28,90.2816,88.92,89.65,1040929,2021-08-02 05:00:00
4821,89.85,91.91,89.42,91.41,1256738,2021-08-03 05:00:00
4822,90.98,91.29,90.09,90.36,798035,2021-08-04 05:00:00
4823,90.82,91.21,89.13,89.74,934419,2021-08-05 05:00:00
4824,90.45,91.35,90.14,91.0,1045648,2021-08-06 05:00:00
4825,90.71,90.72,89.53,89.61,546260,2021-08-09 05:00:00
4826,89.87,90.11,89.35,89.4,604408,2021-08-10 05:00:00
4827,89.94,91.235,89.49,90.82,692071,2021-08-11 05:00:00
4828,90.98,91.675,90.425,91.23,634806,2021-08-12 05:00:00
4829,91.26,92.44,91.11,91.9,656283,2021-08-13 05:00:00
4830,91.69,92.965,91.52,92.32,727731,2021-08-16 05:00:00
4831,91.77,91.84,90.47,91.46,680534,2021-08-17 05:00:00
4832,91.11,91.61,88.7,88.77,1078841,2021-08-18 05:00:00
4833,88.28,88.75,87.12,87.77,830627,2021-08-19 05:00:00
4834,87.465,88.9,87.465,88.69,758057,2021-08-20 05:00:00
4835,89.09,90.225,88.95,89.53,726578,2021-08-23 05:00:00
4836,89.61,90.2376,89.24,89.56,580637,2021-08-24 05:00:00
4837,89.56,90.78,89.31,90.31,764226,2021-08-25 05:00:00
4838,90.08,90.39,89.59,89.99,518159,2021-08-26 05:00:00
4839,90.19,91.08,89.82,90.74,770152,2021-08-27 05:00:00
4840,90.89,91.585,90.47,90.76,693051,2021-08-30 05:00:00
4841,90.78,91.05,89.6201,90.06,1727248,2021-08-31 05:00:00
4842,90.07,90.07,87.56,89.16,1512008,2021-09-01 05:00:00
4843,89.24,90.81,88.83,90.76,1198122,2021-09-02 05:00:00
4844,90.56,91.14,89.9728,90.09,759669,2021-09-03 05:00:00
4845,90.3,90.3,88.41,88.49,900877,2021-09-07 05:00:00
4846,88.34,89.39,87.87,89.11,882359,2021-09-08 05:00:00
4847,88.83,89.26,86.81,87.28,1152848,2021-09-09 05:00:00
4848,87.99,89.139,87.87,88.4,1157974,2021-09-10 05:00:00
4849,89.68,90.79,88.941,89.13,1536502,2021-09-13 05:00:00
4850,89.59,90.43,89.12,90.08,1132924,2021-09-14 05:00:00
4851,90.36,91.35,89.9,90.67,1119396,2021-09-15 05:00:00
4852,90.74,91.76,90.24,90.27,1043075,2021-09-16 05:00:00
4853,89.8,89.8,86.87,87.44,4927193,2021-09-17 05:00:00
4854,86.86,87.5,86.07,86.82,1230138,2021-09-20 05:00:00
4855,87.32,87.74,86.375,87.45,856960,2021-09-21 05:00:00
4856,87.73,88.08,87.23,87.51,805960,2021-09-22 05:00:00
4857,87.83,88.68,87.75,88.46,752590,2021-09-23 05:00:00
4858,88.17,89.27,87.88,88.51,858970,2021-09-24 05:00:00
4859,88.75,90.25,88.14,89.71,772026,2021-09-27 05:00:00
4860,90.09,90.09,88.51,88.7,698041,2021-09-28 05:00:00
4861,88.83,88.94,87.68,88.44,699216,2021-09-29 05:00:00
4862,88.58,89.0,86.41,87.0,1008406,2021-09-30 05:00:00
4863,87.91,87.91,85.8,86.35,914240,2021-10-01 05:00:00
4864,86.69,87.2,86.1,86.46,1037959,2021-10-04 05:00:00
4865,86.7,87.88,86.04,87.36,678087,2021-10-05 05:00:00
4866,86.52,88.84,86.495,88.72,739208,2021-10-06 05:00:00
4867,89.15,90.21,89.06,89.64,704208,2021-10-07 05:00:00
4868,89.66,90.82,89.47,90.66,740182,2021-10-08 05:00:00
4869,92.41,92.48,90.91,91.26,772116,2021-10-11 05:00:00
4870,91.16,91.96,90.5,90.85,712145,2021-10-12 05:00:00
4871,90.78,92.16,89.82,91.49,718028,2021-10-13 05:00:00
4872,91.92,93.97,91.92,93.94,886688,2021-10-14 05:00:00
4873,94.99,96.395,94.57,94.63,1126013,2021-10-15 05:00:00
4874,95.66,100.65,95.24,97.03,2401369,2021-10-18 05:00:00
4875,97.77,97.8,96.47,97.56,711499,2021-10-19 05:00:00
4876,97.73,98.39,97.4,98.35,594489,2021-10-20 05:00:00
4877,98.81,99.22,97.99,98.8,600558,2021-10-21 05:00:00
4878,99.0,99.965,98.81,99.7,639221,2021-10-22 05:00:00
4879,99.7,99.85,97.86,98.19,1181388,2021-10-25 05:00:00
4880,98.81,99.55,97.17,98.51,1758273,2021-10-26 05:00:00
4881,98.49,98.49,94.125,97.64,2630306,2021-10-27 05:00:00
4882,98.08,99.24,97.525,98.14,1211888,2021-10-28 05:00:00
4883,97.23,98.48,96.34,96.99,1257328,2021-10-29 05:00:00
4884,97.49,97.93,95.81,96.0,1210610,2021-11-01 05:00:00
4885,96.02,96.26,94.06,94.57,1676508,2021-11-02 05:00:00
4886,94.38,94.86,91.34,94.48,2267812,2021-11-03 05:00:00
4887,95.07,96.87,94.76,96.05,966801,2021-11-04 05:00:00
4888,96.68,96.95,93.5,93.82,944024,2021-11-05 05:00:00
4889,94.2,95.06,93.82,94.46,854508,2021-11-08 06:00:00
4890,94.4,95.1,94.005,94.18,563615,2021-11-09 06:00:00
4891,94.0,94.45,92.3,92.86,815835,2021-11-10 06:00:00
4892,93.07,93.5,92.44,92.85,595540,2021-11-11 06:00:00
4893,92.62,94.76,92.49,94.49,658279,2021-11-12 06:00:00
4894,94.84,95.69,94.11,95.62,905822,2021-11-15 06:00:00
4895,95.6,97.79,95.38,96.49,1377194,2021-11-16 06:00:00
4896,96.12,96.16,94.4,94.45,685594,2021-11-17 06:00:00
4897,94.47,95.0,92.32,93.91,849149,2021-11-18 06:00:00
4898,94.13,96.435,93.55,96.27,1189423,2021-11-19 06:00:00
4899,96.96,98.21,96.24,96.78,932207,2021-11-22 06:00:00
4900,96.55,97.81,95.85,97.77,763408,2021-11-23 06:00:00
4901,97.48,98.44,97.36,98.26,731977,2021-11-24 06:00:00
4902,96.89,98.16,95.54,96.28,614754,2021-11-26 06:00:00
4903,96.57,96.83,95.43,95.62,837060,2021-11-29 06:00:00
4904,94.92,95.73,94.21,95.09,2205508,2021-11-30 06:00:00
4905,96.09,96.6,93.82,93.87,971839,2021-12-01 06:00:00
4906,93.93,95.08,93.15,94.22,1306319,2021-12-02 06:00:00
4907,94.82,97.05,94.82,97.0,1573944,2021-12-03 06:00:00
4908,97.62,98.58,97.21,97.9,1100740,2021-12-06 06:00:00
4909,98.34,100.5,98.08,98.29,966619,2021-12-07 06:00:00
4910,98.8,99.955,98.63,99.58,1036739,2021-12-08 06:00:00
4911,99.64,101.23,98.97,100.63,1160772,2021-12-09 06:00:00
4912,102.0,104.81,101.61,104.7,2128814,2021-12-10 06:00:00
4913,105.24,106.3,102.57,104.99,1620822,2021-12-13 06:00:00
4914,104.31,105.7,103.32,103.63,1289819,2021-12-14 06:00:00
4915,104.425,105.51,103.49,103.96,1153395,2021-12-15 06:00:00
4916,104.47,105.67,104.14,104.39,977406,2021-12-16 06:00:00
4917,104.29,104.64,101.12,101.37,2358994,2021-12-17 06:00:00
4918,101.03,101.71,99.855,100.75,1149407,2021-12-20 06:00:00
4919,100.9,102.28,100.415,101.72,1179240,2021-12-21 06:00:00
4920,102.09,102.665,100.87,101.29,656288,2021-12-22 06:00:00
4921,101.45,103.1599,101.45,102.45,513351,2021-12-23 06:00:00
4922,102.85,104.61,102.5,104.48,458719,2021-12-27 06:00:00
4923,104.64,106.25,104.4,106.13,776360,2021-12-28 06:00:00
4924,106.4,108.06,105.9,107.42,930458,2021-12-29 06:00:00
4925,107.58,107.92,106.6,107.09,483432,2021-12-30 06:00:00
4926,107.09,107.92,106.6785,107.63,589906,2021-12-31 06:00:00
4927,109.12,110.5,107.295,107.9,1383178,2022-01-03 06:00:00
4928,107.74,110.93,107.16,110.38,1409418,2022-01-04 06:00:00
4929,110.55,111.99,109.5,109.66,1600736,2022-01-05 06:00:00
4930,111.17,112.15,108.86,110.95,1062337,2022-01-06 06:00:00
4931,110.74,110.74,107.98,108.43,1321380,2022-01-07 06:00:00
4932,108.11,108.665,106.36,107.84,1340730,2022-01-10 06:00:00
4933,108.17,108.64,106.53,107.98,964453,2022-01-11 06:00:00
4934,108.53,109.145,106.54,107.35,994802,2022-01-12 06:00:00
4935,107.65,108.95,107.3,108.45,1165583,2022-01-13 06:00:00
4936,107.54,108.44,106.09,108.29,1101341,2022-01-14 06:00:00
4937,107.18,109.29,106.685,109.1,881218,2022-01-18 06:00:00
4938,108.63,109.98,107.44,107.51,1019932,2022-01-19 06:00:00
4939,109.48,109.63,104.875,105.04,1243516,2022-01-20 06:00:00
4940,105.35,107.42,104.7,104.98,1047277,2022-01-21 06:00:00
4941,104.74,107.83,104.14,107.58,1226786,2022-01-24 06:00:00
4942,106.41,107.5,104.48,105.14,1056504,2022-01-25 06:00:00
4943,104.0,104.99,101.84,102.65,1322158,2022-01-26 06:00:00
4944,103.73,105.35,102.61,102.82,1245402,2022-01-27 06:00:00
4945,103.0,104.13,101.895,104.1,841075,2022-01-28 06:00:00
4946,103.7,104.77,102.72,104.65,1488895,2022-01-31 06:00:00
4947,104.99,107.18,103.48,104.57,1479979,2022-02-01 06:00:00
4948,93.25,96.97,92.3032,92.54,3569620,2022-02-02 06:00:00
4949,92.25,93.24,89.405,89.56,2275156,2022-02-03 06:00:00
4950,88.91,90.05,86.57,88.73,2028805,2022-02-04 06:00:00
4951,88.18,90.02,87.39,89.32,1470428,2022-02-07 06:00:00
4952,89.67,90.01,87.9,88.21,1273801,2022-02-08 06:00:00
4953,88.38,89.68,87.58,89.37,2039340,2022-02-09 06:00:00
4954,88.74,91.745,88.18,90.33,1493260,2022-02-10 06:00:00
4955,90.66,90.96,89.215,89.5,1541188,2022-02-11 06:00:00
4956,89.54,89.7,88.31,89.21,855948,2022-02-14 06:00:00
4957,89.5,90.4,89.07,89.86,1102232,2022-02-15 06:00:00
4958,89.8,90.85,88.87,90.41,1094834,2022-02-16 06:00:00
4959,89.7,91.08,89.07,90.85,1097864,2022-02-17 06:00:00
4960,91.34,92.75,90.81,91.98,1506563,2022-02-18 06:00:00
4961,91.92,93.24,91.8,92.37,1595501,2022-02-22 06:00:00
4962,92.39,93.42,91.79,92.42,1377320,2022-02-23 06:00:00
4963,91.16,96.56,90.99,96.2,2255818,2022-02-24 06:00:00
4964,96.07,97.26,95.13,96.79,1743582,2022-02-25 06:00:00
4965,96.2,96.79,94.835,96.68,1638428,2022-02-28 06:00:00
4966,99.38,105.67,99.38,104.82,3192170,2022-03-01 06:00:00
4967,104.26,104.26,101.57,102.94,1649305,2022-03-02 06:00:00
4968,103.07,104.87,102.14,102.57,1963767,2022-03-03 06:00:00
4969,102.6,107.54,102.6,106.48,2033459,2022-03-04 06:00:00
4970,105.77,107.58,104.635,105.13,1410150,2022-03-07 06:00:00
4971,104.16,105.705,101.48,101.56,1266088,2022-03-08 06:00:00
4972,102.54,102.7,99.58,101.59,1694079,2022-03-09 06:00:00
4973,100.98,103.18,100.61,102.31,1026937,2022-03-10 06:00:00
4974,102.16,103.11,101.315,102.24,1603830,2022-03-11 06:00:00
4975,101.5,102.26,97.43,98.83,1531311,2022-03-14 05:00:00
4976,99.66,99.94,97.325,98.54,1519106,2022-03-15 05:00:00
4977,98.91,102.05,98.685,102.03,1294213,2022-03-16 05:00:00
4978,101.0,104.23,100.3959,104.02,945003,2022-03-17 05:00:00
4979,103.91,105.02,102.41,104.91,2957658,2022-03-18 05:00:00
4980,105.34,107.3,104.905,105.31,1098878,2022-03-21 05:00:00
4981,105.55,106.14,103.77,106.08,819843,2022-03-22 05:00:00
4982,106.46,107.23,104.53,104.67,881617,2022-03-23 05:00:00
4983,104.98,106.67,104.8,106.37,744817,2022-03-24 05:00:00
4984,106.5,109.56,106.305,109.51,1159404,2022-03-25 05:00:00
4985,109.05,110.505,108.146,110.13,977851,2022-03-28 05:00:00
4986,110.13,111.18,109.4,110.62,1329825,2022-03-29 05:00:00
4987,110.88,111.41,108.27,109.76,1065559,2022-03-30 05:00:00
4988,109.59,110.63,107.415,107.71,1355418,2022-03-31 05:00:00
4989,107.57,107.78,100.83,103.13,2040710,2022-04-01 05:00:00
4990,101.66,103.31,100.69,102.72,1661915,2022-04-04 05:00:00
4991,102.42,103.32,100.58,101.51,1825740,2022-04-05 05:00:00
4992,101.12,101.94,99.56,99.73,1820534,2022-04-06 05:00:00
4993,100.46,101.08,98.57,100.87,1458225,2022-04-07 05:00:00
4994,104.34,104.72,100.82,102.04,1668774,2022-04-08 05:00:00
4995,101.65,103.72,101.54,102.62,1404674,2022-04-11 05:00:00
4996,102.57,104.04,101.215,101.41,1102702,2022-04-12 05:00:00
4997,101.75,101.76,99.69,101.66,1344002,2022-04-13 05:00:00
4998,101.14,103.65,101.14,103.28,826470,2022-04-14 05:00:00
4999,102.67,103.94,102.0,102.75,810322,2022-04-18 05:00:00
5000,103.02,104.075,102.19,103.39,1030649,2022-04-19 05:00:00
5001,104.0,104.835,103.07,103.2,1124240,2022-04-20 05:00:00
5002,103.67,104.61,102.76,103.24,907912,2022-04-21 05:00:00
5003,102.71,103.935,101.95,102.14,797767,2022-04-22 05:00:00
5004,101.73,103.22,100.72,103.17,1150666,2022-04-25 05:00:00
5005,103.25,104.66,101.26,101.36,1382353,2022-04-26 05:00:00
5006,101.54,103.39,101.3,102.83,1880338,2022-04-27 05:00:00
5007,106.74,110.45,106.27,110.34,2142754,2022-04-28 05:00:00
5008,110.34,112.15,105.93,106.15,1584092,2022-04-29 05:00:00
5009,105.38,109.97,105.38,108.3,1179862,2022-05-02 05:00:00
5010,108.99,110.325,108.0,108.61,1379309,2022-05-03 05:00:00
5011,109.1,110.92,108.745,110.55,1142274,2022-05-04 05:00:00
5012,110.04,111.45,105.405,106.37,1465706,2022-05-05 05:00:00
5013,106.51,109.69,105.69,106.97,1327893,2022-05-06 05:00:00
5014,106.385,108.77,105.7959,107.95,973445,2022-05-09 05:00:00
5015,108.94,110.58,107.49,110.29,1522786,2022-05-10 05:00:00
5016,110.27,110.67,107.18,108.27,1185975,2022-05-11 05:00:00
5017,108.3,108.32,105.11,107.71,1285830,2022-05-12 05:00:00
5018,108.09,108.775,105.43,105.79,1172061,2022-05-13 05:00:00
5019,106.22,108.19,105.67,106.86,1056612,2022-05-16 05:00:00
5020,107.2,110.05,106.76,109.7,744697,2022-05-17 05:00:00
5021,109.32,109.75,102.94,103.17,1715476,2022-05-18 05:00:00
5022,102.3,102.7,99.53,101.19,1348012,2022-05-19 05:00:00
5023,102.39,104.78,100.73,101.92,1533104,2022-05-20 05:00:00
5024,102.41,104.835,101.94,104.44,746314,2022-05-23 05:00:00
5025,103.97,105.3099,102.83,104.79,1420275,2022-05-24 05:00:00
5026,104.66,106.9,104.365,106.18,1004382,2022-05-25 05:00:00
5027,106.62,107.95,106.565,107.61,975019,2022-05-26 05:00:00
5028,108.33,108.94,106.5,107.45,1349741,2022-05-27 05:00:00
5029,106.69,109.05,105.22,108.51,2447899,2022-05-31 05:00:00
5030,108.87,109.97,108.49,108.94,990117,2022-06-01 05:00:00
5031,109.25,109.5,106.65,107.57,1152045,2022-06-02 05:00:00
5032,107.34,109.21,107.09,108.02,782189,2022-06-03 05:00:00
5033,108.22,110.14,107.51,109.34,775191,2022-06-06 05:00:00
5034,108.76,108.76,106.8827,107.09,807796,2022-06-07 05:00:00
5035,106.14,106.49,103.2,103.73,917683,2022-06-08 05:00:00
5036,103.16,104.82,102.08,102.12,826452,2022-06-09 05:00:00
5037,101.27,102.67,100.635,101.73,856141,2022-06-10 05:00:00
