,open,high,low,close,volume,datetime
0,0.475,0.475,0.475,0.475,100,2022-05-27 11:51:00
1,0.499,0.499,0.499,0.499,100,2022-05-27 12:09:00
2,0.499,0.499,0.499,0.499,501,2022-05-27 12:46:00
3,0.4741,0.4741,0.4735,0.4735,668,2022-05-27 13:03:00
4,0.499,0.499,0.499,0.499,1203,2022-05-27 13:04:00
5,0.4653,0.4653,0.4653,0.4653,626,2022-05-27 13:30:00
6,0.4603,0.4603,0.451,0.451,2700,2022-05-27 13:32:00
7,0.453,0.453,0.451,0.451,2300,2022-05-27 13:33:00
8,0.472,0.472,0.472,0.472,1090,2022-05-27 13:34:00
9,0.4749,0.4749,0.4749,0.4749,100,2022-05-27 13:38:00
10,0.4749,0.4749,0.451,0.451,14500,2022-05-27 13:42:00
11,0.46,0.46,0.46,0.46,1551,2022-05-27 13:43:00
12,0.455551,0.458,0.455551,0.458,422,2022-05-27 13:44:00
13,0.4511,0.4511,0.4511,0.4511,275,2022-05-27 13:45:00
14,0.46,0.46,0.46,0.46,600,2022-05-27 13:47:00
15,0.46,0.46,0.46,0.46,2300,2022-05-27 13:49:00
16,0.46,0.46,0.46,0.46,100,2022-05-27 13:51:00
17,0.45945,0.47,0.4594,0.45945,10777,2022-05-27 13:56:00
18,0.463,0.463,0.463,0.463,8000,2022-05-27 13:57:00
19,0.4749,0.4749,0.4749,0.4749,100,2022-05-27 14:04:00
20,0.4749,0.4749,0.4749,0.4749,100,2022-05-27 14:12:00
21,0.4749,0.4749,0.4749,0.4749,100,2022-05-27 14:22:00
22,0.4749,0.4749,0.4749,0.4749,1200,2022-05-27 14:29:00
23,0.455,0.455,0.455,0.455,1200,2022-05-27 14:51:00
24,0.4719,0.4719,0.4719,0.4719,500,2022-05-27 14:53:00
25,0.4636,0.4636,0.4636,0.4636,800,2022-05-27 14:57:00
26,0.47,0.47,0.47,0.47,2400,2022-05-27 14:58:00
27,0.4641,0.4641,0.4641,0.4641,1200,2022-05-27 15:02:00
28,0.4583,0.47,0.4583,0.47,1060,2022-05-27 15:03:00
29,0.4697,0.4697,0.4697,0.4697,2985,2022-05-27 15:07:00
30,0.4632,0.464,0.4611,0.4639,5841,2022-05-27 15:08:00
31,0.464,0.4641,0.464,0.4641,500,2022-05-27 15:09:00
32,0.468,0.468,0.468,0.468,100,2022-05-27 15:11:00
33,0.4696,0.4696,0.4696,0.4696,100,2022-05-27 15:12:00
34,0.4648,0.4648,0.4648,0.4648,500,2022-05-27 15:14:00
35,0.4684,0.4684,0.4684,0.4684,2000,2022-05-27 15:20:00
36,0.46,0.46,0.46,0.46,3000,2022-05-27 15:24:00
37,0.4684,0.4684,0.4684,0.4684,3900,2022-05-27 15:27:00
38,0.4683,0.4683,0.4683,0.4683,500,2022-05-27 15:31:00
39,0.4682,0.4682,0.4682,0.4682,500,2022-05-27 15:36:00
40,0.466,0.466,0.466,0.466,500,2022-05-27 15:41:00
41,0.4624,0.4624,0.4584,0.4584,400,2022-05-27 15:51:00
42,0.4638,0.4656,0.4638,0.4656,1631,2022-05-27 15:59:00
43,0.4665,0.4666,0.46245,0.4666,8540,2022-05-27 16:01:00
44,0.4666,0.4666,0.4666,0.4666,310,2022-05-27 16:03:00
45,0.468,0.468,0.468,0.468,500,2022-05-27 16:05:00
46,0.4583,0.4583,0.4583,0.4583,550,2022-05-27 16:09:00
47,0.4623,0.4623,0.4623,0.4623,100,2022-05-27 16:10:00
48,0.46,0.46,0.46,0.46,350,2022-05-27 16:16:00
49,0.467799,0.467799,0.467799,0.467799,100,2022-05-27 16:17:00
50,0.4678,0.4678,0.4678,0.4678,2000,2022-05-27 16:19:00
51,0.4679,0.4679,0.4679,0.4679,5900,2022-05-27 16:24:00
52,0.4679,0.4679,0.4669,0.4669,8400,2022-05-27 16:27:00
53,0.4678,0.4678,0.4678,0.4678,2000,2022-05-27 16:28:00
54,0.4679,0.4679,0.4679,0.4679,4500,2022-05-27 16:29:00
55,0.4679,0.4748,0.4678,0.4748,14240,2022-05-27 16:30:00
56,0.4799,0.48,0.4799,0.48,5899,2022-05-27 16:31:00
57,0.48,0.48,0.4585,0.4585,9851,2022-05-27 16:32:00
58,0.489,0.489,0.489,0.489,100,2022-05-27 16:33:00
59,0.489,0.489,0.489,0.489,10000,2022-05-27 16:34:00
60,0.489,0.489,0.489,0.489,25000,2022-05-27 16:35:00
61,0.489,0.489,0.4848,0.4848,31000,2022-05-27 16:36:00
62,0.4848,0.4848,0.4848,0.4848,10000,2022-05-27 16:37:00
63,0.479399,0.479399,0.479399,0.479399,3268,2022-05-27 16:41:00
64,0.475,0.475,0.475,0.475,10000,2022-05-27 16:46:00
65,0.4586,0.4586,0.4586,0.4586,100,2022-05-27 16:49:00
66,0.475,0.475,0.475,0.475,3800,2022-05-27 16:52:00
67,0.4784,0.4784,0.4784,0.4784,300,2022-05-27 16:58:00
68,0.4845,0.4845,0.4845,0.4845,1600,2022-05-27 17:01:00
69,0.4795,0.4795,0.4795,0.4795,2400,2022-05-27 17:02:00
70,0.471,0.471,0.4701,0.4702,80400,2022-05-27 17:04:00
71,0.470401,0.470401,0.470401,0.470401,4000,2022-05-27 17:09:00
72,0.4759,0.4759,0.4759,0.4759,350,2022-05-27 17:22:00
73,0.4748,0.4748,0.4748,0.4748,6000,2022-05-27 17:38:00
74,0.4748,0.4748,0.4748,0.4748,100,2022-05-27 17:53:00
75,0.4795,0.4848,0.4795,0.4796,3849,2022-05-27 17:57:00
76,0.48,0.48,0.48,0.48,3800,2022-05-27 18:03:00
77,0.4987,0.4987,0.4987,0.4987,100,2022-05-27 18:05:00
78,0.4987,0.4987,0.4909,0.4987,5700,2022-05-27 18:06:00
79,0.4909,0.4909,0.489,0.489,300,2022-05-27 18:08:00
80,0.49,0.49,0.49,0.49,5000,2022-05-27 18:36:00
81,0.4909,0.5,0.4909,0.4987,54765,2022-05-27 18:37:00
82,0.498,0.498599,0.48625,0.498599,400,2022-05-27 18:38:00
83,0.489,0.489,0.489,0.489,2500,2022-05-27 18:56:00
84,0.4889,0.4889,0.4889,0.4889,100,2022-05-27 18:57:00
85,0.4814,0.4814,0.4814,0.4814,100,2022-05-27 19:15:00
86,0.475,0.4889,0.475,0.4889,1100,2022-05-27 19:16:00
87,0.4889,0.4889,0.4881,0.4881,500,2022-05-27 19:27:00
88,0.4873,0.4875,0.487,0.4871,6100,2022-05-27 19:31:00
89,0.4873,0.4927,0.4873,0.4927,16493,2022-05-27 19:32:00
90,0.4911,0.494,0.4911,0.4927,7499,2022-05-27 19:33:00
91,0.49,0.49,0.49,0.49,2400,2022-05-27 19:35:00
92,0.4898,0.49,0.4898,0.49,200,2022-05-27 19:36:00
93,0.4856,0.4856,0.4856,0.4856,200,2022-05-27 19:40:00
94,0.49,0.49,0.4862,0.4862,500,2022-05-27 19:42:00
95,0.4856,0.4856,0.4837,0.4837,3000,2022-05-27 19:45:00
96,0.4875,0.4875,0.4875,0.4875,5000,2022-05-27 19:48:00
97,0.4739,0.4739,0.47,0.47,50000,2022-05-27 19:49:00
98,0.4876,0.4876,0.4876,0.4876,100,2022-05-27 19:53:00
99,0.4876,0.4876,0.4876,0.4876,200,2022-05-27 19:54:00
100,0.4876,0.4876,0.4876,0.4876,100,2022-05-27 19:55:00
101,0.4701,0.48,0.4701,0.48,12500,2022-05-27 19:58:00
102,0.485,0.49,0.485,0.49,1999,2022-05-27 19:59:00
103,0.4888,0.4888,0.4888,0.4888,100,2022-05-27 21:02:00
104,0.4899,0.4899,0.4899,0.4899,1000,2022-05-27 21:55:00
105,0.49,0.49,0.49,0.49,2880,2022-05-27 22:10:00
106,0.47,0.47,0.47,0.47,1191,2022-05-27 23:41:00
107,0.47,0.47,0.47,0.47,1000,2022-05-27 23:49:00
108,0.49,0.49,0.49,0.49,100,2022-05-27 23:59:00
109,0.47,0.47,0.47,0.47,124,2022-05-31 08:05:00
110,0.4899,0.4899,0.4899,0.4899,100,2022-05-31 08:31:00
111,0.48,0.48,0.48,0.48,200,2022-05-31 08:36:00
112,0.4899,0.4899,0.4899,0.4899,100,2022-05-31 08:38:00
113,0.48,0.48,0.48,0.48,752,2022-05-31 08:45:00
114,0.4898,0.4898,0.4898,0.4898,100,2022-05-31 08:59:00
115,0.4899,0.4899,0.4899,0.4899,100,2022-05-31 09:00:00
116,0.49,0.49,0.49,0.49,100,2022-05-31 10:30:00
117,0.48,0.48,0.48,0.48,252,2022-05-31 11:01:00
118,0.505,0.505,0.505,0.505,100,2022-05-31 12:15:00
119,0.505,0.505,0.505,0.505,150,2022-05-31 12:26:00
120,0.48,0.48,0.48,0.48,745,2022-05-31 12:37:00
121,0.4753,0.4753,0.47,0.47,1850,2022-05-31 13:30:00
122,0.4601,0.4601,0.4601,0.4601,220,2022-05-31 13:32:00
123,0.46,0.46,0.46,0.46,406,2022-05-31 13:36:00
124,0.46,0.46,0.46,0.46,500,2022-05-31 13:38:00
125,0.474999,0.474999,0.46,0.474999,858,2022-05-31 13:41:00
126,0.46,0.475,0.46,0.475,300,2022-05-31 13:44:00
127,0.46,0.46,0.46,0.46,100,2022-05-31 13:46:00
128,0.475,0.475,0.475,0.475,400,2022-05-31 13:47:00
129,0.475,0.475,0.475,0.475,600,2022-05-31 13:48:00
130,0.469,0.469,0.469,0.469,100,2022-05-31 13:49:00
131,0.475,0.4965,0.4748,0.4965,9100,2022-05-31 13:51:00
132,0.4965,0.4965,0.4965,0.4965,100,2022-05-31 13:52:00
133,0.485749,0.485749,0.485749,0.485749,231,2022-05-31 13:58:00
134,0.485749,0.485749,0.485749,0.485749,8282,2022-05-31 14:03:00
135,0.475,0.475,0.475,0.475,100,2022-05-31 14:05:00
136,0.475,0.475,0.475,0.475,100,2022-05-31 14:08:00
137,0.475,0.475,0.475,0.475,600,2022-05-31 14:11:00
138,0.475,0.475,0.475,0.475,400,2022-05-31 14:13:00
139,0.475,0.475,0.475,0.475,100,2022-05-31 14:16:00
140,0.4751,0.4751,0.4751,0.4751,100,2022-05-31 14:19:00
141,0.4751,0.4751,0.4751,0.4751,100,2022-05-31 14:22:00
142,0.48575,0.48575,0.48575,0.48575,2136,2022-05-31 14:23:00
143,0.4964,0.4964,0.496299,0.496299,250,2022-05-31 14:24:00
144,0.4857,0.4857,0.4751,0.4751,1400,2022-05-31 14:25:00
145,0.4756,0.4756,0.4756,0.4756,100,2022-05-31 14:28:00
146,0.48595,0.48595,0.4756,0.4756,4100,2022-05-31 14:31:00
147,0.4756,0.4756,0.4756,0.4756,100,2022-05-31 14:35:00
148,0.4756,0.4756,0.4756,0.4756,100,2022-05-31 14:37:00
149,0.4757,0.4963,0.4757,0.4963,3100,2022-05-31 14:40:00
150,0.4756,0.4756,0.4756,0.4756,100,2022-05-31 14:41:00
151,0.4758,0.4758,0.4758,0.4758,100,2022-05-31 14:44:00
152,0.476,0.476,0.476,0.476,100,2022-05-31 14:47:00
153,0.486,0.486,0.486,0.486,100,2022-05-31 14:50:00
154,0.4861,0.486149,0.4861,0.486149,250,2022-05-31 14:51:00
155,0.4861,0.4861,0.4861,0.4861,450,2022-05-31 14:53:00
156,0.476,0.476,0.476,0.476,100,2022-05-31 14:54:00
157,0.4861,0.4861,0.4861,0.4861,100,2022-05-31 14:56:00
158,0.4831,0.4899,0.4831,0.4831,47498,2022-05-31 14:57:00
159,0.4886,0.4886,0.486499,0.486499,200,2022-05-31 14:58:00
160,0.4865,0.4865,0.4831,0.4831,950,2022-05-31 15:00:00
161,0.485,0.485,0.485,0.485,4000,2022-05-31 15:01:00
162,0.476,0.476,0.476,0.476,100,2022-05-31 15:04:00
163,0.476,0.476,0.476,0.476,100,2022-05-31 15:07:00
164,0.476,0.479799,0.476,0.476,5300,2022-05-31 15:10:00
165,0.4799,0.4799,0.4799,0.4799,100,2022-05-31 15:13:00
166,0.477,0.477,0.477,0.477,500,2022-05-31 15:14:00
167,0.478501,0.4805,0.478501,0.48,5095,2022-05-31 15:16:00
168,0.48,0.48,0.48,0.48,100,2022-05-31 15:32:00
169,0.4961,0.4961,0.4961,0.4961,100,2022-05-31 15:33:00
170,0.48,0.48,0.48,0.48,100,2022-05-31 15:36:00
171,0.4883,0.4883,0.4883,0.4883,166,2022-05-31 15:39:00
172,0.48,0.48,0.48,0.48,100,2022-05-31 15:40:00
173,0.48,0.48,0.48,0.48,100,2022-05-31 15:44:00
174,0.48,0.48,0.48,0.48,100,2022-05-31 15:48:00
175,0.48,0.48,0.48,0.48,100,2022-05-31 15:52:00
176,0.48,0.48,0.48,0.48,100,2022-05-31 15:56:00
177,0.488249,0.488249,0.488249,0.488249,500,2022-05-31 15:58:00
178,0.48,0.48,0.48,0.48,100,2022-05-31 16:00:00
179,0.4801,0.4801,0.4801,0.4801,100,2022-05-31 16:04:00
180,0.4801,0.4801,0.4801,0.4801,100,2022-05-31 16:08:00
181,0.4801,0.4801,0.4801,0.4801,100,2022-05-31 16:13:00
182,0.4801,0.48405,0.4801,0.48405,600,2022-05-31 16:17:00
183,0.4801,0.4801,0.4801,0.4801,100,2022-05-31 16:21:00
184,0.4801,0.4801,0.4801,0.4801,100,2022-05-31 16:26:00
185,0.4801,0.4801,0.4801,0.4801,100,2022-05-31 16:30:00
186,0.4811,0.4811,0.4811,0.4811,100,2022-05-31 16:34:00
187,0.4811,0.4811,0.4811,0.4811,100,2022-05-31 16:38:00
188,0.488199,0.4882,0.4811,0.4811,5200,2022-05-31 16:43:00
189,0.4811,0.49,0.4811,0.4886,9200,2022-05-31 16:48:00
190,0.496499,0.496499,0.496499,0.496499,300,2022-05-31 16:49:00
191,0.4952,0.4952,0.4952,0.4952,100,2022-05-31 16:51:00
192,0.496399,0.496399,0.496399,0.496399,150,2022-05-31 16:55:00
193,0.4885,0.4885,0.4885,0.4885,370,2022-05-31 17:05:00
194,0.495999,0.496,0.495999,0.496,1400,2022-05-31 17:08:00
195,0.4811,0.4811,0.4811,0.4811,100,2022-05-31 17:11:00
196,0.4811,0.4811,0.4811,0.4811,100,2022-05-31 17:15:00
197,0.4811,0.4811,0.4811,0.4811,100,2022-05-31 17:20:00
198,0.48855,0.48855,0.48855,0.48855,100,2022-05-31 17:23:00
199,0.4811,0.496,0.4811,0.496,1700,2022-05-31 17:25:00
200,0.4811,0.4811,0.4811,0.4811,100,2022-05-31 17:30:00
201,0.4811,0.4811,0.4811,0.4811,100,2022-05-31 17:34:00
202,0.4935,0.4935,0.4935,0.4935,250,2022-05-31 17:35:00
203,0.4811,0.4811,0.4811,0.4811,200,2022-05-31 17:38:00
204,0.493299,0.493299,0.493299,0.493299,100,2022-05-31 17:45:00
205,0.4872,0.4872,0.4872,0.4872,200,2022-05-31 17:46:00
206,0.4872,0.4872,0.4872,0.4872,100,2022-05-31 17:47:00
207,0.4932,0.4932,0.4932,0.4932,200,2022-05-31 17:49:00
208,0.49,0.49,0.4811,0.4811,400,2022-05-31 17:51:00
209,0.4899,0.4899,0.4899,0.4899,2000,2022-05-31 18:05:00
210,0.4811,0.4811,0.4811,0.4811,100,2022-05-31 18:06:00
211,0.483,0.483,0.483,0.483,200,2022-05-31 18:08:00
212,0.4811,0.4811,0.4811,0.4811,100,2022-05-31 18:10:00
213,0.4801,0.4801,0.4801,0.4801,100,2022-05-31 18:14:00
214,0.4801,0.4801,0.4801,0.4801,100,2022-05-31 18:18:00
215,0.4801,0.4801,0.4801,0.4801,100,2022-05-31 18:21:00
216,0.4886,0.4886,0.4886,0.4886,250,2022-05-31 18:25:00
217,0.4801,0.4801,0.4801,0.4801,100,2022-05-31 18:27:00
218,0.4801,0.4801,0.4801,0.4801,100,2022-05-31 18:31:00
219,0.4801,0.4801,0.4801,0.4801,100,2022-05-31 18:35:00
220,0.4801,0.4801,0.4801,0.4801,100,2022-05-31 18:39:00
221,0.485,0.485,0.485,0.485,700,2022-05-31 18:41:00
222,0.4801,0.4826,0.4801,0.4802,750,2022-05-31 18:44:00
223,0.4801,0.4801,0.4801,0.4801,2582,2022-05-31 18:46:00
224,0.4801,0.4801,0.4801,0.4801,100,2022-05-31 18:47:00
225,0.4801,0.4801,0.4801,0.4801,200,2022-05-31 18:51:00
226,0.48011,0.48011,0.48011,0.48011,400,2022-05-31 18:54:00
227,0.4801,0.4801,0.4801,0.4801,100,2022-05-31 18:55:00
228,0.480201,0.480201,0.480201,0.480201,1878,2022-05-31 18:56:00
229,0.4844,0.4864,0.4844,0.4864,4450,2022-05-31 18:59:00
230,0.4856,0.4856,0.4856,0.4856,100,2022-05-31 19:00:00
231,0.4848,0.4848,0.4848,0.4848,205,2022-05-31 19:02:00
232,0.4869,0.4869,0.4869,0.4869,165,2022-05-31 19:10:00
233,0.4868,0.4868,0.4868,0.4868,200,2022-05-31 19:11:00
234,0.4888,0.4888,0.4888,0.4888,200,2022-05-31 19:16:00
235,0.4848,0.4848,0.4848,0.4848,200,2022-05-31 19:27:00
236,0.4848,0.4848,0.4848,0.4848,100,2022-05-31 19:30:00
237,0.4849,0.4849,0.4849,0.4849,100,2022-05-31 19:33:00
238,0.4874,0.4874,0.4874,0.4874,500,2022-05-31 19:34:00
239,0.4848,0.4848,0.4848,0.4848,100,2022-05-31 19:35:00
240,0.4848,0.49,0.4801,0.4848,10664,2022-05-31 19:38:00
241,0.4802,0.4802,0.4802,0.4802,100,2022-05-31 19:47:00
242,0.4801,0.4825,0.4801,0.4825,400,2022-05-31 19:49:00
243,0.48245,0.48245,0.48245,0.48245,100,2022-05-31 19:52:00
244,0.4801,0.4801,0.4801,0.4801,200,2022-05-31 19:55:00
245,0.4801,0.4848,0.4801,0.4848,800,2022-05-31 19:56:00
246,0.4825,0.4866,0.4825,0.4866,12691,2022-05-31 19:58:00
247,0.4925,0.4925,0.48,0.4921,1210,2022-05-31 19:59:00
248,0.4933,0.4933,0.4933,0.4933,205,2022-05-31 20:00:00
249,0.4933,0.4933,0.4933,0.4933,1200,2022-05-31 20:09:00
250,0.4933,0.4933,0.4933,0.4933,2276,2022-05-31 20:10:00
251,0.4933,0.4933,0.4933,0.4933,7100,2022-05-31 20:45:00
252,0.505,0.505,0.505,0.505,100,2022-06-01 08:01:00
253,0.505,0.505,0.505,0.505,100,2022-06-01 08:02:00
254,0.5026,0.5026,0.5026,0.5026,300,2022-06-01 11:48:00
255,0.471,0.471,0.471,0.471,175,2022-06-01 12:16:00
256,0.5026,0.5026,0.5026,0.5026,308,2022-06-01 12:35:00
257,0.48,0.5,0.48,0.5,5143,2022-06-01 13:30:00
258,0.4838,0.4838,0.4838,0.4838,2412,2022-06-01 13:38:00
259,0.4812,0.4812,0.4812,0.4812,2000,2022-06-01 13:41:00
260,0.489,0.49,0.489,0.49,2510,2022-06-01 13:42:00
261,0.485,0.485,0.485,0.485,100,2022-06-01 13:47:00
262,0.485,0.485,0.48405,0.485,27876,2022-06-01 13:51:00
263,0.483,0.483,0.483,0.483,1000,2022-06-01 13:54:00
264,0.485,0.485,0.485,0.485,5000,2022-06-01 13:56:00
265,0.4803,0.4804,0.4803,0.4804,1160,2022-06-01 13:57:00
266,0.4823,0.485,0.4823,0.485,200,2022-06-01 14:02:00
267,0.4827,0.4827,0.4827,0.4827,100,2022-06-01 14:05:00
268,0.4827,0.4849,0.48,0.48,9700,2022-06-01 14:08:00
269,0.48,0.48,0.48,0.48,100,2022-06-01 14:09:00
270,0.48,0.48,0.48,0.48,800,2022-06-01 14:13:00
271,0.4703,0.4703,0.4703,0.4703,100,2022-06-01 14:21:00
272,0.4747,0.4747,0.4747,0.4747,200,2022-06-01 14:22:00
273,0.478999,0.478999,0.478999,0.478999,2000,2022-06-01 14:24:00
274,0.479,0.4791,0.479,0.4791,900,2022-06-01 14:36:00
275,0.47,0.47,0.47,0.47,1450,2022-06-01 14:38:00
276,0.4718,0.4718,0.4718,0.4718,200,2022-06-01 14:40:00
277,0.46705,0.46705,0.46705,0.46705,2300,2022-06-01 14:50:00
278,0.4671,0.4671,0.4671,0.4671,100,2022-06-01 14:55:00
279,0.468,0.468,0.468,0.468,384,2022-06-01 14:58:00
280,0.4735,0.4735,0.4735,0.4735,709,2022-06-01 15:00:00
281,0.4735,0.4735,0.47,0.47,6050,2022-06-01 15:06:00
282,0.469,0.469,0.469,0.469,500,2022-06-01 15:08:00
283,0.46895,0.4699,0.46895,0.4699,1533,2022-06-01 15:09:00
284,0.469799,0.469799,0.468,0.468,1173,2022-06-01 15:22:00
285,0.468,0.468,0.468,0.468,100,2022-06-01 15:24:00
286,0.4698,0.4698,0.4698,0.4698,200,2022-06-01 15:25:00
287,0.469,0.469,0.469,0.469,987,2022-06-01 15:27:00
288,0.4698,0.4698,0.4698,0.4698,1467,2022-06-01 15:33:00
289,0.466,0.4699,0.466,0.4699,1354,2022-06-01 15:37:00
290,0.4699,0.4699,0.4699,0.4699,200,2022-06-01 15:43:00
291,0.4661,0.4661,0.4661,0.4661,532,2022-06-01 15:45:00
292,0.4699,0.4699,0.4699,0.4699,200,2022-06-01 15:48:00
293,0.4699,0.4699,0.4699,0.4699,200,2022-06-01 15:51:00
294,0.4699,0.4699,0.4699,0.4699,200,2022-06-01 15:54:00
295,0.4699,0.4699,0.4699,0.4699,200,2022-06-01 15:55:00
296,0.4699,0.4699,0.4699,0.4699,200,2022-06-01 15:57:00
297,0.4699,0.4699,0.4699,0.4699,1500,2022-06-01 16:00:00
298,0.4699,0.4699,0.4699,0.4699,200,2022-06-01 16:04:00
299,0.4699,0.4699,0.4699,0.4699,200,2022-06-01 16:09:00
300,0.46605,0.4699,0.46605,0.4699,200,2022-06-01 16:12:00
301,0.4699,0.4699,0.4689,0.46933,400,2022-06-01 16:26:00
302,0.469,0.4695,0.469,0.4695,350,2022-06-01 16:28:00
303,0.4695,0.4699,0.4622,0.4699,3119,2022-06-01 16:42:00
304,0.468,0.468,0.468,0.468,100,2022-06-01 16:43:00
305,0.4698,0.4699,0.468,0.4699,1850,2022-06-01 16:47:00
306,0.4699,0.4699,0.4699,0.4699,200,2022-06-01 16:52:00
307,0.4699,0.4699,0.4699,0.4699,200,2022-06-01 16:58:00
308,0.4698,0.4699,0.4698,0.4699,300,2022-06-01 16:59:00
309,0.4687,0.4687,0.4687,0.4687,330,2022-06-01 17:01:00
310,0.4687,0.4687,0.4687,0.4687,100,2022-06-01 17:08:00
311,0.46605,0.4699,0.46605,0.4699,3700,2022-06-01 17:12:00
312,0.4622,0.4623,0.4622,0.4623,2902,2022-06-01 17:13:00
313,0.46605,0.46605,0.46605,0.46605,200,2022-06-01 17:17:00
314,0.4623,0.469,0.4623,0.469,840,2022-06-01 17:18:00
315,0.4699,0.4699,0.4699,0.4699,200,2022-06-01 17:21:00
316,0.4699,0.4699,0.4699,0.4699,500,2022-06-01 17:25:00
317,0.4699,0.4699,0.4699,0.4699,200,2022-06-01 17:28:00
318,0.4699,0.4699,0.4699,0.4699,100,2022-06-01 17:45:00
319,0.4699,0.4699,0.4699,0.4699,100,2022-06-01 17:47:00
320,0.4699,0.4699,0.4699,0.4699,10600,2022-06-01 17:49:00
321,0.4698,0.4698,0.4662,0.4662,2537,2022-06-01 17:56:00
322,0.4662,0.4662,0.4662,0.4662,151,2022-06-01 17:57:00
323,0.4662,0.4681,0.4662,0.4681,400,2022-06-01 18:01:00
324,0.4699,0.4699,0.4699,0.4699,200,2022-06-01 18:02:00
325,0.4699,0.4699,0.4699,0.4699,100,2022-06-01 18:07:00
326,0.4699,0.4699,0.4699,0.4699,100,2022-06-01 18:10:00
327,0.4699,0.4699,0.4699,0.4699,100,2022-06-01 18:11:00
328,0.46805,0.46805,0.46805,0.46805,100,2022-06-01 18:16:00
329,0.46805,0.46805,0.46805,0.46805,174,2022-06-01 18:19:00
330,0.4699,0.4699,0.4699,0.4699,200,2022-06-01 18:22:00
331,0.4699,0.4699,0.4699,0.4699,100,2022-06-01 18:26:00
332,0.46805,0.46805,0.46805,0.46805,100,2022-06-01 18:27:00
333,0.4699,0.4699,0.4699,0.4699,200,2022-06-01 18:29:00
334,0.469,0.469,0.4681,0.4681,500,2022-06-01 18:30:00
335,0.4699,0.4699,0.4699,0.4699,118,2022-06-01 18:41:00
336,0.4699,0.4699,0.4699,0.4699,300,2022-06-01 18:43:00
337,0.4699,0.4699,0.4699,0.4699,2000,2022-06-01 18:46:00
338,0.4693,0.4699,0.465,0.4688,1800,2022-06-01 18:47:00
339,0.4698,0.4698,0.4698,0.4698,150,2022-06-01 19:07:00
340,0.4699,0.4699,0.4699,0.4699,200,2022-06-01 19:08:00
341,0.4699,0.4699,0.4699,0.4699,118,2022-06-01 19:11:00
342,0.4699,0.4699,0.4699,0.4699,142,2022-06-01 19:18:00
343,0.4699,0.4699,0.4699,0.4699,500,2022-06-01 19:22:00
344,0.4699,0.4699,0.4699,0.4699,142,2022-06-01 19:31:00
345,0.4699,0.4699,0.4699,0.4699,118,2022-06-01 19:41:00
346,0.4699,0.4699,0.4699,0.4699,218,2022-06-01 19:45:00
347,0.4699,0.4699,0.4699,0.4699,118,2022-06-01 19:47:00
348,0.4699,0.4699,0.4655,0.4699,14258,2022-06-01 19:48:00
349,0.47,0.47,0.47,0.47,200,2022-06-01 19:53:00
350,0.47,0.47,0.4655,0.47,4763,2022-06-01 19:54:00
351,0.4655,0.4699,0.4655,0.4699,4100,2022-06-01 19:55:00
352,0.4688,0.4688,0.4688,0.4688,200,2022-06-01 19:56:00
353,0.4688,0.4699,0.4688,0.4694,600,2022-06-01 19:57:00
354,0.4699,0.4699,0.4699,0.4699,200,2022-06-01 19:58:00
355,0.4699,0.4699,0.4699,0.4699,1366,2022-06-01 19:59:00
356,0.480001,0.4935,0.480001,0.4935,710,2022-06-02 13:32:00
357,0.502499,0.502499,0.502499,0.502499,100,2022-06-02 13:33:00
358,0.47,0.47,0.47,0.47,379,2022-06-02 13:35:00
359,0.49,0.49,0.49,0.49,400,2022-06-02 13:37:00
360,0.470001,0.470001,0.47,0.47,1300,2022-06-02 13:39:00
361,0.47,0.47,0.47,0.47,500,2022-06-02 13:41:00
362,0.49,0.49,0.47,0.49,1700,2022-06-02 13:45:00
363,0.49,0.49,0.47,0.47,1050,2022-06-02 13:51:00
364,0.480001,0.480001,0.480001,0.480001,200,2022-06-02 13:53:00
365,0.47,0.47,0.47,0.47,250,2022-06-02 13:55:00
366,0.49,0.49,0.48,0.48,300,2022-06-02 13:56:00
367,0.47,0.47,0.47,0.47,1800,2022-06-02 13:59:00
368,0.49,0.49,0.47,0.47,600,2022-06-02 14:03:00
369,0.47,0.47,0.47,0.47,250,2022-06-02 14:04:00
370,0.47,0.47,0.47,0.47,250,2022-06-02 14:07:00
371,0.49,0.49,0.47,0.47,400,2022-06-02 14:08:00
372,0.47,0.47,0.47,0.47,400,2022-06-02 14:10:00
373,0.47,0.47,0.47,0.47,100,2022-06-02 14:14:00
374,0.47,0.47,0.47,0.47,118,2022-06-02 14:17:00
375,0.47,0.47,0.465,0.465,1818,2022-06-02 14:18:00
376,0.4725,0.4725,0.4725,0.4725,100,2022-06-02 14:20:00
377,0.479899,0.479899,0.479899,0.479899,100,2022-06-02 14:21:00
378,0.48,0.48,0.465,0.465,5400,2022-06-02 14:25:00
379,0.474999,0.474999,0.474999,0.474999,5000,2022-06-02 14:27:00
380,0.479999,0.479999,0.479999,0.479999,300,2022-06-02 14:28:00
381,0.474999,0.474999,0.474999,0.474999,300,2022-06-02 14:34:00
382,0.475,0.48,0.475,0.48,1200,2022-06-02 14:36:00
383,0.474999,0.4823,0.474999,0.4823,5518,2022-06-02 14:37:00
384,0.49,0.49,0.482499,0.482499,15720,2022-06-02 14:38:00
385,0.480101,0.49,0.480101,0.49,10099,2022-06-02 14:39:00
386,0.4899,0.4899,0.4899,0.4899,1500,2022-06-02 14:43:00
387,0.4899,0.4899,0.4899,0.4899,700,2022-06-02 14:45:00
388,0.48505,0.48505,0.4801,0.4801,600,2022-06-02 14:52:00
389,0.4851,0.49,0.4851,0.49,700,2022-06-02 14:54:00
390,0.4851,0.4851,0.4851,0.4851,100,2022-06-02 14:57:00
391,0.4898,0.4898,0.489799,0.489799,300,2022-06-02 14:59:00
392,0.489799,0.489799,0.489799,0.489799,1700,2022-06-02 15:00:00
393,0.4887,0.4899,0.4875,0.4899,1600,2022-06-02 15:01:00
394,0.4875,0.4875,0.4875,0.4875,800,2022-06-02 15:06:00
395,0.4898,0.4898,0.4898,0.4898,583,2022-06-02 15:08:00
396,0.489799,0.489799,0.489799,0.489799,364,2022-06-02 15:09:00
397,0.4899,0.4899,0.4899,0.4899,11800,2022-06-02 15:12:00
398,0.4899,0.4899,0.4899,0.4899,1281,2022-06-02 15:15:00
399,0.4887,0.4887,0.4887,0.4887,1100,2022-06-02 15:16:00
400,0.4887,0.4893,0.4851,0.4851,4200,2022-06-02 15:17:00
401,0.485,0.485,0.485,0.485,186,2022-06-02 15:18:00
402,0.4801,0.4801,0.4801,0.4801,400,2022-06-02 15:19:00
403,0.4898,0.4898,0.4898,0.4898,100,2022-06-02 15:20:00
404,0.4898,0.4898,0.4898,0.4898,102,2022-06-02 15:21:00
405,0.4851,0.4851,0.4851,0.4851,100,2022-06-02 15:27:00
406,0.4898,0.4898,0.4898,0.4898,880,2022-06-02 15:31:00
407,0.4899,0.4899,0.4899,0.4899,200,2022-06-02 15:33:00
408,0.4899,0.4899,0.4875,0.4875,600,2022-06-02 15:38:00
409,0.4875,0.4875,0.4875,0.4875,400,2022-06-02 15:40:00
410,0.4802,0.4802,0.4802,0.4802,300,2022-06-02 15:45:00
411,0.4802,0.4802,0.4802,0.4802,867,2022-06-02 15:46:00
412,0.4874,0.4874,0.4874,0.4874,500,2022-06-02 15:51:00
413,0.4802,0.4802,0.4802,0.4802,200,2022-06-02 15:54:00
414,0.4891,0.4891,0.4802,0.4802,300,2022-06-02 15:55:00
415,0.4891,0.4899,0.4802,0.4899,700,2022-06-02 16:00:00
416,0.4896,0.4896,0.4896,0.4896,500,2022-06-02 16:02:00
417,0.485,0.489499,0.485,0.489499,550,2022-06-02 16:04:00
418,0.4896,0.4896,0.4896,0.4896,200,2022-06-02 16:09:00
419,0.4896,0.4896,0.485,0.4896,1601,2022-06-02 16:15:00
420,0.4896,0.4896,0.4803,0.4803,600,2022-06-02 16:18:00
421,0.485,0.485,0.485,0.485,200,2022-06-02 16:24:00
422,0.485,0.485,0.485,0.485,200,2022-06-02 16:30:00
423,0.4803,0.4803,0.4803,0.4803,100,2022-06-02 16:31:00
424,0.485,0.485,0.485,0.485,200,2022-06-02 16:34:00
425,0.4803,0.484999,0.4803,0.484999,900,2022-06-02 16:35:00
426,0.484,0.485,0.484,0.4849,500,2022-06-02 16:40:00
427,0.4849,0.485,0.4849,0.4849,4400,2022-06-02 16:41:00
428,0.485,0.485,0.485,0.485,200,2022-06-02 16:47:00
429,0.485,0.485,0.485,0.485,2000,2022-06-02 16:50:00
430,0.485,0.485,0.485,0.485,6990,2022-06-02 16:51:00
431,0.4899,0.4899,0.4899,0.4899,200,2022-06-02 16:52:00
432,0.4899,0.4899,0.4899,0.4899,200,2022-06-02 16:55:00
433,0.4899,0.4899,0.4899,0.4899,200,2022-06-02 16:58:00
434,0.4899,0.4899,0.4887,0.4899,8551,2022-06-02 16:59:00
435,0.4893,0.4893,0.4893,0.4893,300,2022-06-02 17:01:00
436,0.4896,0.4896,0.4893,0.4893,4200,2022-06-02 17:04:00
437,0.4801,0.4801,0.4801,0.4801,400,2022-06-02 17:05:00
438,0.4811,0.4812,0.4811,0.4811,6318,2022-06-02 17:21:00
439,0.4811,0.4811,0.4811,0.4811,100,2022-06-02 17:25:00
440,0.481101,0.481101,0.481101,0.481101,175,2022-06-02 17:27:00
441,0.4851,0.4851,0.4811,0.4811,650,2022-06-02 17:29:00
442,0.4841,0.4841,0.4841,0.4841,400,2022-06-02 18:01:00
443,0.485,0.485,0.485,0.485,13648,2022-06-02 18:11:00
444,0.4849,0.4849,0.4849,0.4849,1849,2022-06-02 18:12:00
445,0.4849,0.4849,0.4848,0.4848,8300,2022-06-02 18:15:00
446,0.4849,0.4849,0.4849,0.4849,250,2022-06-02 18:17:00
447,0.4848,0.4848,0.4848,0.4848,11900,2022-06-02 18:18:00
448,0.4888,0.4888,0.4888,0.4888,900,2022-06-02 18:19:00
449,0.485,0.4869,0.485,0.485,13300,2022-06-02 18:20:00
450,0.484899,0.484899,0.484899,0.484899,100,2022-06-02 18:36:00
451,0.4849,0.4849,0.4849,0.4849,265,2022-06-02 18:37:00
452,0.485,0.49,0.485,0.49,21500,2022-06-02 18:38:00
453,0.5005,0.5026,0.499,0.5026,15600,2022-06-02 18:39:00
454,0.5026,0.52,0.5013,0.519,29129,2022-06-02 18:40:00
455,0.5183,0.52,0.515,0.52,22347,2022-06-02 18:41:00
456,0.511,0.52,0.51,0.52,24900,2022-06-02 18:42:00
457,0.5,0.52,0.4848,0.5001,3300,2022-06-02 18:43:00
458,0.5149,0.5149,0.5,0.5,1500,2022-06-02 18:44:00
459,0.501,0.501,0.501,0.501,758,2022-06-02 18:45:00
460,0.5003,0.5025,0.5003,0.5025,380,2022-06-02 18:47:00
461,0.509899,0.51,0.499999,0.51,500,2022-06-02 18:48:00
462,0.51,0.51,0.509899,0.509899,300,2022-06-02 18:49:00
463,0.51,0.51,0.509899,0.509899,13000,2022-06-02 18:51:00
464,0.5099,0.51,0.5099,0.51,250,2022-06-02 18:57:00
465,0.49,0.49,0.49,0.49,55270,2022-06-02 19:06:00
466,0.5099,0.5099,0.5099,0.5099,100,2022-06-02 19:19:00
467,0.5096,0.5096,0.5096,0.5096,1000,2022-06-02 19:22:00
468,0.5097,0.51,0.5096,0.51,980,2022-06-02 19:23:00
469,0.51,0.51,0.51,0.51,200,2022-06-02 19:24:00
470,0.4999,0.5,0.499753,0.5,25100,2022-06-02 19:39:00
471,0.4901,0.4901,0.4901,0.4901,400,2022-06-02 19:46:00
472,0.499549,0.499549,0.499549,0.499549,1000,2022-06-02 19:48:00
473,0.5,0.5,0.5,0.5,1763,2022-06-02 19:51:00
474,0.498399,0.5,0.498399,0.5,787,2022-06-02 19:52:00
475,0.5068,0.5068,0.5068,0.5068,3322,2022-06-02 19:53:00
476,0.49,0.5011,0.49,0.5011,300,2022-06-02 19:55:00
477,0.5011,0.5011,0.5011,0.5011,200,2022-06-02 19:56:00
478,0.5011,0.5011,0.5011,0.5011,100,2022-06-02 19:57:00
479,0.5011,0.5011,0.5011,0.5011,120,2022-06-02 19:58:00
480,0.508899,0.508899,0.508899,0.508899,500,2022-06-02 19:59:00
481,0.5011,0.5011,0.5011,0.5011,100,2022-06-02 20:16:00
482,0.48,0.48,0.48,0.48,1000,2022-06-02 20:39:00
483,0.5,0.5,0.5,0.5,150,2022-06-02 21:27:00
484,0.5,0.5,0.5,0.5,2000,2022-06-02 22:23:00
485,0.5,0.5,0.5,0.5,6201,2022-06-02 22:59:00
486,0.5,0.5,0.5,0.5,5079,2022-06-02 23:08:00
487,0.5,0.5,0.5,0.5,100,2022-06-02 23:52:00
488,0.48,0.48,0.48,0.48,200,2022-06-03 10:33:00
489,0.51,0.51,0.51,0.51,250,2022-06-03 13:20:00
490,0.4996,0.4996,0.4996,0.4996,100,2022-06-03 13:30:00
491,0.49,0.4901,0.49,0.49,5654,2022-06-03 13:35:00
492,0.480001,0.4849,0.480001,0.4849,692,2022-06-03 13:36:00
493,0.48,0.48,0.48,0.48,642,2022-06-03 13:40:00
494,0.48,0.48,0.48,0.48,100,2022-06-03 13:41:00
495,0.484799,0.4848,0.48,0.4848,1038,2022-06-03 13:42:00
496,0.471,0.471,0.471,0.471,100,2022-06-03 13:43:00
497,0.47,0.47,0.47,0.47,400,2022-06-03 13:44:00
498,0.47,0.4701,0.47,0.4701,1124,2022-06-03 13:45:00
499,0.479,0.479,0.479,0.479,200,2022-06-03 13:46:00
500,0.4867,0.4867,0.4867,0.4867,890,2022-06-03 13:47:00
501,0.4712,0.4712,0.4712,0.4712,100,2022-06-03 13:48:00
502,0.48,0.48,0.48,0.48,974,2022-06-03 13:50:00
503,0.4868,0.4868,0.4867,0.4867,2200,2022-06-03 13:54:00
504,0.4868,0.4868,0.4868,0.4868,100,2022-06-03 13:57:00
505,0.4868,0.4868,0.4868,0.4868,100,2022-06-03 13:58:00
506,0.4887,0.4887,0.4887,0.4887,200,2022-06-03 14:02:00
507,0.4887,0.4887,0.4887,0.4887,200,2022-06-03 14:06:00
508,0.4802,0.4802,0.4802,0.4802,1500,2022-06-03 14:07:00
509,0.4887,0.4887,0.4887,0.4887,200,2022-06-03 14:09:00
510,0.4801,0.4801,0.4801,0.4801,100,2022-06-03 14:10:00
511,0.4886,0.4886,0.4886,0.4886,100,2022-06-03 14:12:00
512,0.4886,0.4886,0.4801,0.4801,300,2022-06-03 14:13:00
513,0.4886,0.4887,0.4801,0.4801,18000,2022-06-03 14:14:00
514,0.4801,0.4801,0.4801,0.4801,11900,2022-06-03 14:16:00
515,0.4801,0.4801,0.4801,0.4801,500,2022-06-03 14:20:00
516,0.4877,0.4877,0.4877,0.4877,200,2022-06-03 14:25:00
517,0.4877,0.4877,0.485,0.485,293,2022-06-03 14:32:00
518,0.485,0.485,0.485,0.485,200,2022-06-03 14:34:00
519,0.4801,0.4801,0.4801,0.4801,100,2022-06-03 14:38:00
520,0.485,0.485,0.4849,0.4849,900,2022-06-03 14:41:00
521,0.4849,0.4849,0.4849,0.4849,200,2022-06-03 14:44:00
522,0.485,0.485,0.485,0.485,200,2022-06-03 14:47:00
523,0.4849,0.4849,0.4849,0.4849,400,2022-06-03 14:48:00
524,0.4851,0.4851,0.4851,0.4851,100,2022-06-03 14:51:00
525,0.4801,0.4801,0.4801,0.4801,100,2022-06-03 14:54:00
526,0.4801,0.4801,0.4801,0.4801,100,2022-06-03 14:58:00
527,0.4801,0.4801,0.4801,0.4801,100,2022-06-03 15:01:00
528,0.4801,0.4801,0.4801,0.4801,2100,2022-06-03 15:04:00
529,0.4801,0.4801,0.4801,0.4801,100,2022-06-03 15:07:00
530,0.4801,0.4801,0.4801,0.4801,100,2022-06-03 15:14:00
531,0.4801,0.4801,0.4801,0.4801,8077,2022-06-03 15:18:00
532,0.485,0.485,0.4801,0.4801,4100,2022-06-03 15:21:00
533,0.4801,0.4801,0.4801,0.4801,100,2022-06-03 15:24:00
534,0.4801,0.4801,0.4801,0.4801,100,2022-06-03 15:32:00
535,0.4801,0.4801,0.4801,0.4801,100,2022-06-03 15:35:00
536,0.4869,0.4996,0.4869,0.4996,11525,2022-06-03 15:37:00
537,0.4996,0.53,0.495,0.495,56178,2022-06-03 15:38:00
538,0.53,0.5399,0.5299,0.53,10258,2022-06-03 15:39:00
539,0.54,0.55,0.5299,0.5301,15647,2022-06-03 15:40:00
540,0.5301,0.5301,0.5301,0.5301,3900,2022-06-03 15:41:00
541,0.5301,0.5498,0.5301,0.5301,3689,2022-06-03 15:42:00
542,0.5291,0.55,0.529,0.53,2400,2022-06-03 15:43:00
543,0.52,0.52,0.514999,0.514999,7775,2022-06-03 15:48:00
544,0.519899,0.52,0.519899,0.519899,400,2022-06-03 15:49:00
545,0.51,0.51,0.51,0.51,1289,2022-06-03 15:50:00
546,0.51,0.51,0.51,0.51,800,2022-06-03 15:52:00
547,0.51,0.51,0.51,0.51,100,2022-06-03 15:53:00
548,0.52,0.52,0.519899,0.519899,3050,2022-06-03 15:54:00
549,0.514999,0.514999,0.514999,0.514999,1000,2022-06-03 15:55:00
550,0.51,0.51,0.51,0.51,100,2022-06-03 15:57:00
551,0.51,0.51,0.51,0.51,100,2022-06-03 16:00:00
552,0.51,0.51,0.51,0.51,100,2022-06-03 16:01:00
553,0.5101,0.5101,0.5101,0.5101,300,2022-06-03 16:05:00
554,0.5099,0.5099,0.5099,0.5099,8000,2022-06-03 16:14:00
555,0.500001,0.500001,0.500001,0.500001,1187,2022-06-03 16:17:00
556,0.509899,0.51,0.499999,0.499999,500,2022-06-03 16:18:00
557,0.51,0.5105,0.5,0.5105,8400,2022-06-03 16:19:00
558,0.49,0.49,0.49,0.49,100,2022-06-03 16:29:00
559,0.4927,0.4927,0.4927,0.4927,6500,2022-06-03 16:31:00
560,0.5,0.5,0.5,0.5,6000,2022-06-03 16:32:00
561,0.5,0.5105,0.5,0.5105,8500,2022-06-03 16:33:00
562,0.5,0.5,0.5,0.5,100,2022-06-03 16:37:00
563,0.5,0.5,0.5,0.5,100,2022-06-03 16:41:00
564,0.5051,0.5051,0.5051,0.5051,200,2022-06-03 16:42:00
565,0.5,0.5,0.5,0.5,100,2022-06-03 16:45:00
566,0.509999,0.5101,0.509999,0.509999,6000,2022-06-03 16:48:00
567,0.50505,0.5105,0.5,0.5,3100,2022-06-03 16:49:00
568,0.510399,0.5104,0.510399,0.5104,2000,2022-06-03 16:52:00
569,0.510399,0.510399,0.510399,0.510399,2000,2022-06-03 16:53:00
570,0.5105,0.5105,0.5,0.50525,11100,2022-06-03 16:54:00
571,0.5001,0.5001,0.5001,0.5001,100,2022-06-03 16:58:00
572,0.508,0.508,0.508,0.508,400,2022-06-03 17:01:00
573,0.5001,0.5001,0.5001,0.5001,100,2022-06-03 17:02:00
574,0.5001,0.5001,0.5001,0.5001,100,2022-06-03 17:06:00
575,0.5002,0.5002,0.5002,0.5002,100,2022-06-03 17:11:00
576,0.5079,0.5079,0.5079,0.5079,100,2022-06-03 17:13:00
577,0.5002,0.5002,0.5002,0.5002,100,2022-06-03 17:15:00
578,0.5002,0.5002,0.5002,0.5002,100,2022-06-03 17:19:00
579,0.508,0.508,0.508,0.508,400,2022-06-03 17:21:00
580,0.5002,0.5002,0.5002,0.5002,100,2022-06-03 17:23:00
581,0.5003,0.5003,0.5003,0.5003,100,2022-06-03 17:28:00
582,0.5003,0.5003,0.5003,0.5003,200,2022-06-03 17:30:00
583,0.504149,0.504149,0.504149,0.504149,739,2022-06-03 17:37:00
584,0.508,0.508,0.5002,0.5002,500,2022-06-03 17:41:00
585,0.5002,0.5002,0.5002,0.5002,100,2022-06-03 17:45:00
586,0.507899,0.507899,0.507899,0.507899,100,2022-06-03 17:46:00
587,0.5002,0.5002,0.5002,0.5002,100,2022-06-03 17:49:00
588,0.5002,0.5002,0.5002,0.5002,100,2022-06-03 17:53:00
589,0.49,0.49,0.49,0.49,100,2022-06-03 17:57:00
590,0.49,0.49,0.49,0.49,100,2022-06-03 18:01:00
591,0.495,0.495,0.495,0.495,100,2022-06-03 18:05:00
592,0.508,0.508,0.508,0.508,100,2022-06-03 18:06:00
593,0.495,0.495,0.495,0.495,100,2022-06-03 18:09:00
594,0.495,0.495,0.495,0.495,100,2022-06-03 18:14:00
595,0.5001,0.5001,0.5001,0.5001,200,2022-06-03 18:18:00
596,0.5001,0.5001,0.5001,0.5001,784,2022-06-03 18:22:00
597,0.508,0.508,0.5001,0.5001,600,2022-06-03 18:26:00
598,0.495,0.495,0.495,0.495,100,2022-06-03 18:30:00
599,0.5015,0.5015,0.5015,0.5015,100,2022-06-03 18:34:00
600,0.495,0.495,0.495,0.495,100,2022-06-03 18:38:00
601,0.508,0.508,0.508,0.508,300,2022-06-03 18:41:00
602,0.495,0.495,0.495,0.495,100,2022-06-03 18:42:00
603,0.495,0.495,0.495,0.495,100,2022-06-03 18:46:00
604,0.495,0.495,0.495,0.495,100,2022-06-03 18:50:00
605,0.495,0.495,0.495,0.495,100,2022-06-03 18:54:00
606,0.4951,0.4951,0.4951,0.4951,199,2022-06-03 18:57:00
607,0.495,0.495,0.495,0.495,100,2022-06-03 18:58:00
608,0.508,0.508,0.5015,0.5015,200,2022-06-03 18:59:00
609,0.5001,0.5001,0.5001,0.5001,100,2022-06-03 19:05:00
610,0.5001,0.5001,0.5001,0.5001,100,2022-06-03 19:09:00
611,0.5001,0.5001,0.5001,0.5001,100,2022-06-03 19:12:00
612,0.508,0.508,0.5001,0.5001,300,2022-06-03 19:15:00
613,0.5001,0.5001,0.5001,0.5001,100,2022-06-03 19:19:00
614,0.5001,0.5001,0.5001,0.5001,100,2022-06-03 19:22:00
615,0.5079,0.5079,0.5002,0.5002,700,2022-06-03 19:25:00
616,0.5002,0.5002,0.5002,0.5002,100,2022-06-03 19:28:00
617,0.5001,0.5001,0.49,0.5001,12100,2022-06-03 19:31:00
618,0.4929,0.4929,0.4929,0.4929,100,2022-06-03 19:33:00
619,0.493,0.493,0.493,0.493,100,2022-06-03 19:36:00
620,0.493,0.493,0.493,0.493,100,2022-06-03 19:38:00
621,0.493,0.493,0.493,0.493,100,2022-06-03 19:41:00
622,0.493,0.493,0.493,0.493,100,2022-06-03 19:44:00
623,0.4929,0.4929,0.4929,0.4929,100,2022-06-03 19:46:00
624,0.492901,0.492901,0.492901,0.492901,1000,2022-06-03 19:47:00
625,0.4964,0.5,0.493,0.5,3298,2022-06-03 19:48:00
626,0.4929,0.5,0.4929,0.5,3389,2022-06-03 19:50:00
627,0.5,0.5,0.5,0.5,600,2022-06-03 19:56:00
628,0.508,0.508,0.508,0.508,300,2022-06-03 19:57:00
629,0.508,0.508,0.508,0.508,696,2022-06-03 19:59:00
630,0.4966,0.4966,0.4966,0.4966,411,2022-06-03 20:00:00
631,0.4966,0.4966,0.4966,0.4966,100,2022-06-03 21:02:00
632,0.49,0.49,0.48,0.48,1201,2022-06-06 13:30:00
633,0.4801,0.4801,0.4801,0.4801,100,2022-06-06 13:32:00
634,0.4801,0.4801,0.4801,0.4801,100,2022-06-06 13:34:00
635,0.4801,0.4801,0.4801,0.4801,200,2022-06-06 13:37:00
636,0.4801,0.4801,0.4801,0.4801,1629,2022-06-06 13:39:00
637,0.4802,0.4802,0.4802,0.4802,754,2022-06-06 13:41:00
638,0.4802,0.4802,0.4802,0.4802,200,2022-06-06 13:42:00
639,0.4899,0.4899,0.4801,0.4801,200,2022-06-06 13:46:00
640,0.4811,0.4811,0.4811,0.4811,100,2022-06-06 13:48:00
641,0.4811,0.4811,0.4811,0.4811,100,2022-06-06 13:50:00
642,0.4811,0.4811,0.4811,0.4811,1000,2022-06-06 13:51:00
643,0.4899,0.4899,0.4899,0.4899,187,2022-06-06 13:52:00
644,0.4811,0.4811,0.4811,0.4811,100,2022-06-06 13:53:00
645,0.4811,0.4811,0.4811,0.4811,100,2022-06-06 13:54:00
646,0.4811,0.4811,0.4811,0.4811,100,2022-06-06 13:57:00
647,0.4811,0.4811,0.4811,0.4811,100,2022-06-06 14:00:00
648,0.4821,0.4821,0.4821,0.4821,100,2022-06-06 14:04:00
649,0.4851,0.4899,0.482,0.4899,6650,2022-06-06 14:06:00
650,0.49,0.49,0.49,0.49,1661,2022-06-06 14:07:00
651,0.481,0.481,0.481,0.481,100,2022-06-06 14:09:00
652,0.481,0.481,0.48,0.48,800,2022-06-06 14:11:00
653,0.4899,0.4899,0.4899,0.4899,500,2022-06-06 14:14:00
654,0.4802,0.4802,0.4802,0.4802,100,2022-06-06 14:15:00
655,0.485,0.485,0.485,0.485,500,2022-06-06 14:17:00
656,0.48,0.48,0.48,0.48,100,2022-06-06 14:18:00
657,0.485,0.485,0.485,0.485,100,2022-06-06 14:19:00
658,0.4875,0.4875,0.4875,0.4875,349,2022-06-06 14:22:00
659,0.4875,0.4875,0.48,0.48,2100,2022-06-06 14:23:00
660,0.481,0.481,0.481,0.481,500,2022-06-06 14:28:00
661,0.481,0.481,0.481,0.481,500,2022-06-06 14:31:00
662,0.48,0.48,0.48,0.48,250,2022-06-06 14:36:00
663,0.4801,0.4801,0.4801,0.4801,100,2022-06-06 14:37:00
664,0.4801,0.4801,0.4801,0.4801,300,2022-06-06 14:38:00
665,0.485,0.485,0.485,0.485,3000,2022-06-06 14:39:00
666,0.4861,0.4861,0.4861,0.4861,500,2022-06-06 14:40:00
667,0.486,0.486,0.486,0.486,600,2022-06-06 14:48:00
668,0.486,0.486,0.48,0.48,1208,2022-06-06 14:49:00
669,0.4801,0.4801,0.4801,0.4801,398,2022-06-06 14:50:00
670,0.4801,0.4801,0.4801,0.4801,100,2022-06-06 14:55:00
671,0.48,0.48,0.4725,0.4725,13453,2022-06-06 14:57:00
672,0.4725,0.4725,0.4725,0.4725,100,2022-06-06 14:59:00
673,0.472601,0.472601,0.472601,0.472601,5000,2022-06-06 15:00:00
674,0.4727,0.4727,0.4725,0.4725,400,2022-06-06 15:03:00
675,0.4775,0.4775,0.4775,0.4775,2116,2022-06-06 15:04:00
676,0.475,0.475,0.47,0.47,2500,2022-06-06 15:05:00
677,0.47,0.47,0.47,0.47,400,2022-06-06 15:15:00
678,0.47,0.47,0.47,0.47,400,2022-06-06 15:16:00
679,0.4725,0.4725,0.4725,0.4725,400,2022-06-06 15:18:00
680,0.4725,0.4725,0.4725,0.4725,200,2022-06-06 15:23:00
681,0.4725,0.4725,0.4725,0.4725,100,2022-06-06 15:25:00
682,0.477,0.477,0.477,0.477,5000,2022-06-06 15:26:00
683,0.4725,0.4725,0.4725,0.4725,300,2022-06-06 15:27:00
684,0.4725,0.4725,0.4725,0.4725,500,2022-06-06 15:29:00
685,0.47,0.47,0.47,0.47,2800,2022-06-06 15:32:00
686,0.4724,0.4724,0.4724,0.4724,300,2022-06-06 15:33:00
687,0.4724,0.4724,0.4724,0.4724,100,2022-06-06 15:35:00
688,0.47,0.4708,0.47,0.47,10911,2022-06-06 15:36:00
689,0.47,0.4701,0.46,0.46,7394,2022-06-06 15:37:00
690,0.4612,0.461201,0.4612,0.4612,12778,2022-06-06 15:40:00
691,0.4612,0.4612,0.4612,0.4612,400,2022-06-06 15:42:00
692,0.4612,0.4612,0.4612,0.4612,400,2022-06-06 15:46:00
693,0.4612,0.4668,0.46,0.46,11221,2022-06-06 15:48:00
694,0.46,0.46,0.46,0.46,700,2022-06-06 15:50:00
695,0.46,0.46,0.46,0.46,600,2022-06-06 15:55:00
696,0.46,0.46,0.46,0.46,400,2022-06-06 15:56:00
697,0.46,0.46,0.46,0.46,100,2022-06-06 15:57:00
698,0.46,0.460626,0.46,0.46,7379,2022-06-06 15:58:00
699,0.46,0.46,0.452,0.452,769,2022-06-06 16:03:00
700,0.4594,0.4594,0.4594,0.4594,2500,2022-06-06 16:05:00
701,0.455,0.455,0.455,0.455,300,2022-06-06 16:12:00
702,0.455,0.455,0.455,0.455,100,2022-06-06 16:14:00
703,0.455,0.455,0.455,0.455,1900,2022-06-06 16:16:00
704,0.455,0.455,0.455,0.455,375,2022-06-06 16:19:00
705,0.4637,0.4637,0.4637,0.4637,583,2022-06-06 16:20:00
706,0.455,0.455,0.452,0.452,610,2022-06-06 16:21:00
707,0.4637,0.4637,0.452,0.4636,1799,2022-06-06 16:22:00
708,0.4637,0.4637,0.452,0.452,1900,2022-06-06 16:23:00
709,0.452,0.452,0.452,0.452,300,2022-06-06 16:25:00
710,0.452,0.452,0.452,0.452,200,2022-06-06 16:27:00
711,0.452,0.452,0.452,0.452,100,2022-06-06 16:28:00
712,0.452,0.452,0.452,0.452,343,2022-06-06 16:29:00
713,0.4521,0.4521,0.4521,0.4521,1000,2022-06-06 16:30:00
714,0.452,0.452,0.452,0.452,100,2022-06-06 16:31:00
715,0.452,0.452,0.452,0.452,1000,2022-06-06 16:35:00
716,0.4521,0.4521,0.4521,0.4521,300,2022-06-06 16:37:00
717,0.46,0.46,0.46,0.46,101,2022-06-06 16:44:00
718,0.4525,0.4525,0.4525,0.4525,400,2022-06-06 16:54:00
719,0.4525,0.4525,0.4525,0.4525,400,2022-06-06 17:13:00
720,0.4581,0.4581,0.4581,0.4581,100,2022-06-06 17:25:00
721,0.4581,0.4581,0.4581,0.4581,198,2022-06-06 17:29:00
722,0.455,0.455,0.455,0.455,400,2022-06-06 17:43:00
723,0.462182,0.462182,0.462182,0.462182,3483,2022-06-06 17:45:00
724,0.4599,0.4599,0.4599,0.4599,300,2022-06-06 17:56:00
725,0.4565,0.4565,0.455,0.455,6012,2022-06-06 17:58:00
726,0.463499,0.463499,0.463499,0.463499,2000,2022-06-06 17:59:00
727,0.4611,0.4635,0.4611,0.4635,9959,2022-06-06 18:11:00
728,0.4601,0.4601,0.4601,0.4601,300,2022-06-06 18:13:00
729,0.4601,0.4601,0.4601,0.4601,200,2022-06-06 18:29:00
730,0.4601,0.4601,0.4601,0.4601,100,2022-06-06 18:34:00
731,0.4618,0.4618,0.4618,0.4618,100,2022-06-06 18:36:00
732,0.4631,0.4631,0.4631,0.4631,100,2022-06-06 18:37:00
733,0.4601,0.4601,0.46,0.46,1505,2022-06-06 18:41:00
734,0.4633,0.4633,0.4633,0.4633,200,2022-06-06 18:53:00
735,0.455,0.455,0.455,0.455,400,2022-06-06 19:06:00
736,0.4617,0.4617,0.4617,0.4617,100,2022-06-06 19:07:00
737,0.4626,0.4626,0.4626,0.4626,200,2022-06-06 19:08:00
738,0.4633,0.4633,0.4633,0.4633,100,2022-06-06 19:09:00
739,0.4629,0.4629,0.4629,0.4629,100,2022-06-06 19:13:00
740,0.455,0.455,0.455,0.455,100,2022-06-06 19:26:00
741,0.46,0.46,0.46,0.46,150,2022-06-06 19:43:00
742,0.455,0.4552,0.455,0.455,418,2022-06-06 19:45:00
743,0.455,0.455,0.455,0.455,300,2022-06-06 19:46:00
744,0.455,0.455,0.455,0.455,300,2022-06-06 19:47:00
745,0.455,0.455,0.455,0.455,700,2022-06-06 19:48:00
746,0.455,0.455,0.455,0.455,300,2022-06-06 19:49:00
747,0.455,0.455,0.455,0.455,306,2022-06-06 19:50:00
748,0.455,0.455,0.455,0.455,306,2022-06-06 19:51:00
749,0.455,0.455,0.455,0.455,306,2022-06-06 19:52:00
750,0.455,0.4633,0.455,0.4633,124153,2022-06-06 19:53:00
751,0.4613,0.4634,0.4613,0.4633,1800,2022-06-06 19:54:00
752,0.4633,0.4633,0.4592,0.4592,900,2022-06-06 19:55:00
753,0.4592,0.4592,0.4592,0.4592,200,2022-06-06 19:56:00
754,0.46,0.46,0.4592,0.4592,300,2022-06-06 19:57:00
755,0.4596,0.4596,0.4596,0.4596,100,2022-06-06 19:58:00
756,0.46,0.46,0.46,0.46,1200,2022-06-06 19:59:00
757,0.4634,0.4634,0.4634,0.4634,146,2022-06-06 20:00:00
758,0.46,0.46,0.46,0.46,16300,2022-06-06 20:28:00
759,0.455,0.455,0.455,0.455,7636,2022-06-06 21:06:00
760,0.455,0.455,0.455,0.455,1913,2022-06-06 21:17:00
761,0.46,0.46,0.46,0.46,100,2022-06-06 21:20:00
762,0.455,0.455,0.455,0.455,2130,2022-06-06 21:40:00
763,0.45,0.45,0.4115,0.4115,29694,2022-06-07 13:30:00
764,0.4134,0.434,0.4134,0.434,1877,2022-06-07 13:31:00
765,0.434,0.434,0.434,0.434,100,2022-06-07 13:32:00
766,0.4341,0.434201,0.4341,0.434201,3835,2022-06-07 13:37:00
767,0.44,0.44,0.44,0.44,1000,2022-06-07 13:38:00
768,0.4371,0.44,0.4134,0.4134,43690,2022-06-07 13:39:00
769,0.43,0.43,0.43,0.43,2116,2022-06-07 13:41:00
770,0.424999,0.424999,0.424999,0.424999,175,2022-06-07 13:44:00
771,0.4244,0.4244,0.4222,0.4222,300,2022-06-07 13:50:00
772,0.422249,0.422249,0.421151,0.421151,632,2022-06-07 13:52:00
773,0.4201,0.4203,0.4201,0.4203,3000,2022-06-07 13:56:00
774,0.4207,0.4207,0.4207,0.4207,300,2022-06-07 13:57:00
775,0.4212,0.4243,0.4212,0.4243,1027,2022-06-07 13:58:00
776,0.4228,0.4244,0.4228,0.4236,25800,2022-06-07 13:59:00
777,0.4244,0.43,0.4243,0.43,7912,2022-06-07 14:00:00
778,0.43,0.43,0.43,0.43,400,2022-06-07 14:01:00
779,0.43,0.43,0.43,0.43,300,2022-06-07 14:02:00
780,0.43,0.43,0.43,0.43,300,2022-06-07 14:05:00
781,0.43,0.43,0.43,0.43,106,2022-06-07 14:07:00
782,0.42995,0.42995,0.42995,0.42995,150,2022-06-07 14:08:00
783,0.4299,0.4299,0.4221,0.4221,1000,2022-06-07 14:13:00
784,0.4299,0.4299,0.4251,0.4251,1500,2022-06-07 14:14:00
785,0.4299,0.4299,0.425,0.425,4600,2022-06-07 14:17:00
786,0.425,0.425,0.425,0.425,500,2022-06-07 14:19:00
787,0.425,0.425,0.425,0.425,200,2022-06-07 14:20:00
788,0.4249,0.4249,0.4249,0.4249,1500,2022-06-07 14:21:00
789,0.425,0.425,0.425,0.425,2000,2022-06-07 14:22:00
790,0.4232,0.4244,0.4232,0.4244,500,2022-06-07 14:24:00
791,0.423451,0.423451,0.423451,0.423451,364,2022-06-07 14:33:00
792,0.4241,0.4241,0.4241,0.4241,155,2022-06-07 14:36:00
793,0.4241,0.4241,0.4241,0.4241,400,2022-06-07 14:37:00
794,0.4241,0.4241,0.4241,0.4241,120,2022-06-07 14:38:00
795,0.4241,0.4241,0.4241,0.4241,834,2022-06-07 14:39:00
796,0.4241,0.4241,0.4241,0.4241,3400,2022-06-07 14:43:00
797,0.4241,0.4241,0.4241,0.4241,200,2022-06-07 14:44:00
798,0.42405,0.425,0.42405,0.4241,8808,2022-06-07 14:48:00
799,0.4241,0.4244,0.4241,0.4244,650,2022-06-07 15:05:00
800,0.425,0.425,0.425,0.425,4000,2022-06-07 15:06:00
801,0.425,0.4254,0.42495,0.4254,3385,2022-06-07 15:07:00
802,0.42545,0.4265,0.42545,0.4265,7700,2022-06-07 15:08:00
803,0.4292,0.43,0.4292,0.43,4309,2022-06-07 15:09:00
804,0.43,0.4445,0.43,0.4445,7400,2022-06-07 15:10:00
805,0.4435,0.4435,0.4435,0.4435,200,2022-06-07 15:11:00
806,0.4418,0.4418,0.4418,0.4418,1645,2022-06-07 15:14:00
807,0.441901,0.45,0.441901,0.45,12125,2022-06-07 15:15:00
808,0.434,0.434,0.417499,0.417499,8992,2022-06-07 15:44:00
809,0.41815,0.42,0.41815,0.42,43572,2022-06-07 15:45:00
810,0.4225,0.4225,0.42,0.42,5809,2022-06-07 15:47:00
811,0.42,0.42,0.42,0.42,1000,2022-06-07 15:48:00
812,0.4279,0.4279,0.4279,0.4279,714,2022-06-07 15:50:00
813,0.429701,0.429701,0.4296,0.4297,19600,2022-06-07 16:01:00
814,0.4301,0.4301,0.4301,0.4301,5000,2022-06-07 16:15:00
815,0.430301,0.430301,0.430301,0.430301,250,2022-06-07 16:19:00
816,0.435,0.435,0.4331,0.4346,10562,2022-06-07 16:26:00
817,0.435767,0.435767,0.43455,0.43455,5200,2022-06-07 16:30:00
818,0.425201,0.425201,0.425201,0.425201,5000,2022-06-07 16:49:00
819,0.43599,0.43599,0.43599,0.43599,600,2022-06-07 16:59:00
820,0.4324,0.4324,0.43185,0.43185,200,2022-06-07 17:00:00
821,0.4359,0.436,0.4359,0.436,500,2022-06-07 17:01:00
822,0.4447,0.4447,0.4447,0.4447,1000,2022-06-07 17:05:00
823,0.4367,0.4367,0.4367,0.4367,400,2022-06-07 17:36:00
824,0.4368,0.4368,0.4368,0.4368,200,2022-06-07 17:47:00
825,0.4416,0.4416,0.4416,0.4416,500,2022-06-07 17:50:00
826,0.4392,0.4404,0.4392,0.4404,200,2022-06-07 17:55:00
827,0.4392,0.4392,0.4392,0.4392,200,2022-06-07 17:57:00
828,0.4392,0.4392,0.4392,0.4392,200,2022-06-07 18:01:00
829,0.4416,0.4416,0.4416,0.4416,150,2022-06-07 18:16:00
830,0.4391,0.4391,0.4391,0.4391,130,2022-06-07 18:24:00
831,0.4392,0.4416,0.4392,0.44035,644,2022-06-07 18:25:00
832,0.4372,0.4372,0.4372,0.4372,100,2022-06-07 18:34:00
833,0.44,0.4408,0.4385,0.4385,2000,2022-06-07 18:35:00
834,0.44,0.44,0.44,0.44,1000,2022-06-07 18:36:00
835,0.44,0.4408,0.44,0.4408,800,2022-06-07 18:42:00
836,0.4415,0.4416,0.44125,0.4416,5200,2022-06-07 18:43:00
837,0.4416,0.4457,0.4416,0.4416,1352,2022-06-07 18:44:00
838,0.4452,0.4452,0.4452,0.4452,150,2022-06-07 18:50:00
839,0.4416,0.4416,0.4416,0.4416,400,2022-06-07 18:51:00
840,0.4415,0.4415,0.4415,0.4415,5058,2022-06-07 18:54:00
841,0.4417,0.447,0.4417,0.4453,10600,2022-06-07 19:02:00
842,0.4481,0.4481,0.4416,0.4416,6388,2022-06-07 19:03:00
843,0.4417,0.4478,0.4417,0.4478,2012,2022-06-07 19:06:00
844,0.4422,0.4422,0.4418,0.4422,805,2022-06-07 19:07:00
845,0.4471,0.4471,0.4453,0.4453,300,2022-06-07 19:08:00
846,0.4453,0.4471,0.4416,0.4416,941,2022-06-07 19:09:00
847,0.4489,0.4489,0.4489,0.4489,200,2022-06-07 19:13:00
848,0.4489,0.4489,0.4416,0.4416,600,2022-06-07 19:14:00
849,0.448799,0.448799,0.448799,0.448799,400,2022-06-07 19:19:00
850,0.4488,0.44955,0.4488,0.44955,2205,2022-06-07 19:23:00
851,0.4489,0.4492,0.4489,0.4492,900,2022-06-07 19:24:00
852,0.4497,0.4497,0.4493,0.4493,2000,2022-06-07 19:31:00
853,0.4461,0.4461,0.4461,0.4461,500,2022-06-07 19:38:00
854,0.447,0.447,0.447,0.447,4300,2022-06-07 19:53:00
855,0.4487,0.4487,0.4487,0.4487,2000,2022-06-07 19:56:00
856,0.442,0.442,0.442,0.442,200,2022-06-07 19:59:00
857,0.45,0.45,0.45,0.45,420,2022-06-07 22:18:00
858,0.45,0.45,0.45,0.45,1144,2022-06-07 23:51:00
859,0.45,0.45,0.45,0.45,504,2022-06-08 08:03:00
860,0.442,0.442,0.442,0.442,744,2022-06-08 13:30:00
861,0.4599,0.4599,0.4599,0.4599,100,2022-06-08 13:31:00
862,0.43,0.43,0.43,0.43,175,2022-06-08 13:33:00
863,0.4599,0.4599,0.4599,0.4599,100,2022-06-08 13:35:00
864,0.4589,0.4589,0.4589,0.4589,333,2022-06-08 13:39:00
865,0.459899,0.459899,0.459899,0.459899,980,2022-06-08 13:41:00
866,0.459799,0.459799,0.459799,0.459799,340,2022-06-08 13:42:00
867,0.4402,0.4402,0.4402,0.4402,410,2022-06-08 13:51:00
868,0.43,0.4301,0.43,0.4301,4082,2022-06-08 14:12:00
869,0.459,0.459,0.459,0.459,200,2022-06-08 14:16:00
870,0.4589,0.4589,0.4589,0.4589,200,2022-06-08 14:26:00
871,0.4467,0.4467,0.4467,0.4467,100,2022-06-08 14:29:00
872,0.45,0.45,0.45,0.45,1000,2022-06-08 14:46:00
873,0.446884,0.446884,0.446884,0.446884,200,2022-06-08 14:47:00
874,0.44555,0.4599,0.44555,0.4599,54548,2022-06-08 14:48:00
875,0.44995,0.45,0.44995,0.45,4000,2022-06-08 14:49:00
876,0.4542,0.4542,0.4542,0.4542,2000,2022-06-08 14:57:00
877,0.4518,0.4518,0.4472,0.450101,1700,2022-06-08 14:58:00
878,0.4501,0.4501,0.4501,0.4501,1200,2022-06-08 15:00:00
879,0.4543,0.4543,0.4543,0.4543,1200,2022-06-08 15:04:00
880,0.4501,0.4501,0.4501,0.4501,100,2022-06-08 15:05:00
881,0.4501,0.4501,0.4501,0.4501,969,2022-06-08 15:09:00
882,0.4522,0.4522,0.4522,0.4522,330,2022-06-08 15:10:00
883,0.4521,0.4532,0.45,0.45,2900,2022-06-08 15:11:00
884,0.45,0.45,0.45,0.45,500,2022-06-08 15:13:00
885,0.4401,0.4401,0.44,0.44,400,2022-06-08 15:14:00
886,0.4438,0.445,0.44,0.44,800,2022-06-08 15:25:00
887,0.445,0.4471,0.445,0.4471,6368,2022-06-08 15:26:00
888,0.45,0.45,0.4451,0.45,9190,2022-06-08 15:27:00
889,0.45,0.48,0.45,0.4786,45506,2022-06-08 15:28:00
890,0.4976,0.4976,0.4751,0.4751,5600,2022-06-08 15:29:00
891,0.48,0.48,0.4751,0.4751,2100,2022-06-08 15:30:00
892,0.4796,0.4796,0.474,0.474,1900,2022-06-08 15:31:00
893,0.4731,0.4731,0.4731,0.4731,7500,2022-06-08 15:32:00
894,0.4731,0.4815,0.4731,0.4731,3300,2022-06-08 15:33:00
895,0.4731,0.4815,0.4731,0.4731,3200,2022-06-08 15:34:00
896,0.4731,0.4815,0.473,0.473,4100,2022-06-08 15:35:00
897,0.4731,0.48,0.4701,0.48,1400,2022-06-08 15:36:00
898,0.4701,0.4701,0.4701,0.4701,2300,2022-06-08 15:37:00
899,0.473,0.4799,0.4701,0.4701,350,2022-06-08 15:40:00
900,0.4702,0.4702,0.47,0.47,300,2022-06-08 15:41:00
901,0.47,0.4701,0.47,0.4701,1000,2022-06-08 15:42:00
902,0.4701,0.4818,0.4701,0.4701,1000,2022-06-08 15:43:00
903,0.4727,0.4727,0.47,0.47,300,2022-06-08 15:44:00
904,0.4651,0.48,0.4651,0.48,400,2022-06-08 15:45:00
905,0.475,0.475,0.475,0.475,300,2022-06-08 15:46:00
906,0.475,0.475,0.475,0.475,2100,2022-06-08 15:47:00
907,0.4751,0.4751,0.475,0.475,2900,2022-06-08 15:48:00
908,0.475,0.475,0.475,0.475,600,2022-06-08 15:49:00
909,0.475,0.475,0.475,0.475,600,2022-06-08 15:51:00
910,0.4701,0.4701,0.47,0.47,968,2022-06-08 15:56:00
911,0.4701,0.4701,0.4701,0.4701,5000,2022-06-08 16:06:00
912,0.47,0.47,0.47,0.47,100,2022-06-08 16:07:00
913,0.4609,0.4609,0.4573,0.4573,500,2022-06-08 16:23:00
914,0.4399,0.4573,0.4399,0.4571,8800,2022-06-08 16:33:00
915,0.44865,0.457299,0.44865,0.457299,1100,2022-06-08 16:34:00
916,0.4572,0.4573,0.4572,0.4573,1800,2022-06-08 16:36:00
917,0.457199,0.457199,0.457199,0.457199,500,2022-06-08 16:40:00
918,0.4572,0.4572,0.4572,0.4572,585,2022-06-08 16:41:00
919,0.4572,0.4572,0.4458,0.4458,10804,2022-06-08 16:57:00
920,0.433,0.433,0.43005,0.4301,162260,2022-06-08 16:58:00
921,0.4491,0.4491,0.4331,0.4331,98500,2022-06-08 17:03:00
922,0.4301,0.4301,0.43,0.43,30424,2022-06-08 17:04:00
923,0.435,0.435,0.42,0.4201,31797,2022-06-08 17:05:00
924,0.43,0.43,0.422,0.422,200,2022-06-08 17:12:00
925,0.4305,0.4305,0.4305,0.4305,700,2022-06-08 17:17:00
926,0.4382,0.4382,0.4382,0.4382,100,2022-06-08 17:26:00
927,0.4386,0.44,0.43715,0.4386,5500,2022-06-08 17:27:00
928,0.4399,0.44,0.4397,0.4397,11100,2022-06-08 17:28:00
929,0.4397,0.4397,0.4342,0.437,9412,2022-06-08 17:29:00
930,0.437,0.4398,0.437,0.437,2000,2022-06-08 17:30:00
931,0.4398,0.4398,0.4398,0.4398,4000,2022-06-08 17:33:00
932,0.4371,0.44,0.4343,0.4343,10400,2022-06-08 17:44:00
933,0.45,0.45,0.45,0.45,2000,2022-06-08 17:51:00
934,0.45,0.45,0.45,0.45,600,2022-06-08 17:53:00
935,0.45,0.45,0.44,0.44,1100,2022-06-08 17:54:00
936,0.4343,0.4343,0.4343,0.4343,100,2022-06-08 17:56:00
937,0.4343,0.4343,0.431,0.431,1857,2022-06-08 18:02:00
938,0.436151,0.436151,0.436151,0.436151,400,2022-06-08 18:03:00
939,0.4327,0.4327,0.4327,0.4327,2500,2022-06-08 18:14:00
940,0.4397,0.4397,0.4397,0.4397,1600,2022-06-08 18:15:00
941,0.4398,0.4398,0.432,0.432,3800,2022-06-08 18:17:00
942,0.432,0.46,0.432,0.4491,4000,2022-06-08 18:18:00
943,0.4491,0.4491,0.449,0.4491,3900,2022-06-08 18:19:00
944,0.4481,0.4481,0.434,0.434,1500,2022-06-08 18:20:00
945,0.435,0.437,0.435,0.4354,2900,2022-06-08 18:21:00
946,0.4353,0.45,0.4353,0.45,2400,2022-06-08 18:22:00
947,0.4501,0.4501,0.45,0.4501,2200,2022-06-08 18:23:00
948,0.45,0.45,0.4471,0.4471,600,2022-06-08 18:24:00
949,0.4451,0.4495,0.4441,0.4443,3400,2022-06-08 18:25:00
950,0.4443,0.4443,0.4311,0.434,4543,2022-06-08 18:26:00
951,0.4343,0.444,0.4343,0.444,3500,2022-06-08 18:27:00
952,0.444,0.45,0.444,0.4479,4900,2022-06-08 18:28:00
953,0.4451,0.4451,0.4451,0.4451,700,2022-06-08 18:29:00
954,0.44,0.44,0.44,0.44,100,2022-06-08 18:36:00
955,0.435,0.4354,0.435,0.4354,5500,2022-06-08 18:37:00
956,0.4357,0.46,0.4357,0.45,5461,2022-06-08 18:38:00
957,0.448,0.46,0.448,0.46,400,2022-06-08 18:39:00
958,0.44,0.44,0.44,0.44,100,2022-06-08 18:42:00
959,0.438349,0.438349,0.438349,0.438349,276,2022-06-08 18:44:00
960,0.4352,0.44,0.4352,0.44,300,2022-06-08 18:46:00
961,0.443,0.443,0.4321,0.4321,1245,2022-06-08 18:50:00
962,0.44,0.44,0.44,0.44,1000,2022-06-08 18:52:00
963,0.4456,0.4456,0.4428,0.4428,319,2022-06-08 18:59:00
964,0.4456,0.4456,0.44,0.44,600,2022-06-08 19:04:00
965,0.44,0.44,0.44,0.44,700,2022-06-08 19:05:00
966,0.4345,0.4345,0.4345,0.4345,200,2022-06-08 19:39:00
967,0.4328,0.4328,0.4311,0.4314,2600,2022-06-08 19:40:00
968,0.4316,0.4316,0.4316,0.4316,300,2022-06-08 19:46:00
969,0.449999,0.449999,0.449999,0.449999,900,2022-06-08 19:57:00
970,0.4401,0.4402,0.4401,0.4402,400,2022-06-08 19:58:00
971,0.4401,0.4401,0.44,0.44,5875,2022-06-08 19:59:00
972,0.444,0.444,0.444,0.444,300,2022-06-08 20:00:00
973,0.46,0.464,0.46,0.464,5064,2022-06-08 20:15:00
974,0.47,0.48,0.47,0.48,12577,2022-06-08 20:16:00
975,0.487,0.4915,0.487,0.4915,2000,2022-06-08 20:19:00
976,0.48,0.48,0.48,0.48,100,2022-06-08 20:26:00
977,0.48,0.48,0.48,0.48,449,2022-06-08 20:28:00
978,0.48,0.48,0.48,0.48,100,2022-06-08 20:30:00
979,0.48,0.48,0.48,0.48,5710,2022-06-08 20:31:00
980,0.48,0.48,0.464,0.464,8252,2022-06-08 20:32:00
981,0.47,0.47,0.47,0.47,100,2022-06-08 20:34:00
982,0.4915,0.4915,0.4915,0.4915,1954,2022-06-08 20:36:00
983,0.4935,0.4935,0.4935,0.4935,2966,2022-06-08 20:37:00
984,0.4712,0.4712,0.4712,0.4712,185,2022-06-08 20:44:00
985,0.489,0.49,0.489,0.49,1590,2022-06-08 21:22:00
986,0.4716,0.4716,0.471,0.471,1000,2022-06-08 21:28:00
987,0.488,0.488,0.488,0.488,200,2022-06-08 22:10:00
988,0.475,0.475,0.475,0.475,960,2022-06-08 22:23:00
989,0.471,0.471,0.471,0.471,415,2022-06-08 23:05:00
990,0.48,0.48,0.48,0.48,1000,2022-06-08 23:55:00
991,0.48,0.48,0.48,0.48,5916,2022-06-08 23:56:00
992,0.4805,0.4805,0.4805,0.4805,1229,2022-06-09 08:02:00
993,0.4998,0.509,0.4998,0.509,400,2022-06-09 08:24:00
994,0.4999,0.5088,0.4999,0.5088,1219,2022-06-09 08:34:00
995,0.49,0.49,0.49,0.49,7517,2022-06-09 11:01:00
996,0.48,0.48,0.471,0.471,1300,2022-06-09 11:03:00
997,0.489,0.489,0.489,0.489,300,2022-06-09 11:37:00
998,0.4895,0.4895,0.4895,0.4895,300,2022-06-09 12:00:00
999,0.4849,0.485,0.47,0.47,4880,2022-06-09 12:04:00
1000,0.47,0.47,0.47,0.47,200,2022-06-09 12:10:00
1001,0.47,0.47,0.47,0.47,457,2022-06-09 12:28:00
1002,0.47,0.47,0.47,0.47,204,2022-06-09 12:34:00
1003,0.475,0.475,0.475,0.475,10000,2022-06-09 12:44:00
1004,0.475,0.475,0.475,0.475,184,2022-06-09 12:51:00
1005,0.47,0.47,0.47,0.47,1320,2022-06-09 12:54:00
1006,0.47,0.47,0.47,0.47,255,2022-06-09 13:20:00
1007,0.4602,0.4602,0.4602,0.4602,500,2022-06-09 13:30:00
1008,0.461854,0.4633,0.456101,0.4606,12879,2022-06-09 13:31:00
1009,0.4599,0.4599,0.4572,0.4572,500,2022-06-09 13:36:00
1010,0.4505,0.451,0.4505,0.451,245,2022-06-09 13:39:00
1011,0.451,0.451,0.45,0.4501,3164,2022-06-09 13:41:00
1012,0.44999,0.44999,0.44999,0.44999,9900,2022-06-09 13:42:00
1013,0.45,0.45,0.45,0.45,900,2022-06-09 13:45:00
1014,0.45,0.45,0.45,0.45,300,2022-06-09 13:48:00
1015,0.4499,0.4499,0.4499,0.4499,100,2022-06-09 13:51:00
1016,0.4499,0.4499,0.4401,0.4401,10074,2022-06-09 13:52:00
1017,0.4429,0.4429,0.4429,0.4429,103,2022-06-09 13:53:00
1018,0.443001,0.443001,0.443001,0.443001,449,2022-06-09 13:55:00
1019,0.4429,0.4429,0.4429,0.4429,2124,2022-06-09 14:02:00
1020,0.4432,0.4499,0.4429,0.4499,4680,2022-06-09 14:03:00
1021,0.449799,0.4499,0.449799,0.4499,350,2022-06-09 14:04:00
1022,0.449,0.4499,0.449,0.4499,8920,2022-06-09 14:05:00
1023,0.449,0.449,0.449,0.449,100,2022-06-09 14:06:00
1024,0.4401,0.4439,0.4401,0.4439,200,2022-06-09 14:07:00
1025,0.4499,0.4499,0.4499,0.4499,1100,2022-06-09 14:18:00
1026,0.445001,0.445001,0.445001,0.445001,190,2022-06-09 14:21:00
1027,0.445,0.4499,0.445,0.4499,2600,2022-06-09 14:22:00
1028,0.4401,0.4401,0.4401,0.4401,100,2022-06-09 14:27:00
1029,0.4412,0.4412,0.4412,0.4412,600,2022-06-09 14:43:00
1030,0.4412,0.4412,0.4411,0.4411,6632,2022-06-09 14:45:00
1031,0.4411,0.4411,0.4411,0.4411,100,2022-06-09 14:49:00
1032,0.445,0.445,0.445,0.445,1000,2022-06-09 15:04:00
1033,0.444899,0.444899,0.444899,0.444899,356,2022-06-09 15:06:00
1034,0.44405,0.444475,0.4431,0.444475,5619,2022-06-09 15:09:00
1035,0.444899,0.444899,0.444899,0.444899,150,2022-06-09 15:10:00
1036,0.4449,0.4449,0.4449,0.4449,250,2022-06-09 15:15:00
1037,0.445,0.445,0.445,0.445,200,2022-06-09 15:33:00
1038,0.4448,0.4448,0.4445,0.4448,394,2022-06-09 15:35:00
1039,0.4411,0.4411,0.4411,0.4411,1500,2022-06-09 15:43:00
1040,0.444211,0.444211,0.444211,0.444211,560,2022-06-09 15:47:00
1041,0.4447,0.4448,0.4447,0.4448,1000,2022-06-09 15:48:00
1042,0.442949,0.442949,0.442949,0.442949,100,2022-06-09 15:50:00
1043,0.443,0.443,0.443,0.443,200,2022-06-09 15:51:00
1044,0.442,0.442,0.442,0.442,1600,2022-06-09 15:52:00
1045,0.442,0.445,0.442,0.4443,5780,2022-06-09 15:53:00
1046,0.4441,0.4441,0.4441,0.4441,1000,2022-06-09 15:58:00
1047,0.444,0.4441,0.444,0.4441,600,2022-06-09 15:59:00
1048,0.441,0.441,0.441,0.441,2300,2022-06-09 16:01:00
1049,0.441,0.4411,0.4401,0.4401,4345,2022-06-09 16:04:00
1050,0.4409,0.4409,0.4409,0.4409,1000,2022-06-09 16:06:00
1051,0.4329,0.4329,0.4329,0.4329,100,2022-06-09 16:07:00
1052,0.4409,0.4409,0.4409,0.4409,150,2022-06-09 16:10:00
1053,0.4393,0.4393,0.4393,0.4393,500,2022-06-09 16:16:00
1054,0.441,0.441,0.441,0.441,100,2022-06-09 16:19:00
1055,0.441,0.441,0.441,0.441,100,2022-06-09 16:38:00
1056,0.441,0.441,0.43768,0.441,2700,2022-06-09 16:39:00
1057,0.441,0.441,0.441,0.441,100,2022-06-09 16:46:00
1058,0.44,0.44,0.44,0.44,332,2022-06-09 17:08:00
1059,0.444449,0.444449,0.444449,0.444449,114,2022-06-09 17:33:00
1060,0.444401,0.444401,0.444401,0.444401,1200,2022-06-09 17:41:00
1061,0.447649,0.447649,0.4476,0.4476,335,2022-06-09 17:42:00
1062,0.45,0.45,0.4477,0.4477,1100,2022-06-09 17:44:00
1063,0.45,0.45,0.45,0.45,1000,2022-06-09 17:47:00
1064,0.45,0.45,0.45,0.45,1000,2022-06-09 17:48:00
1065,0.447649,0.447649,0.447649,0.447649,100,2022-06-09 17:52:00
1066,0.4444,0.4444,0.4444,0.4444,100,2022-06-09 17:55:00
1067,0.4476,0.4476,0.4476,0.4476,300,2022-06-09 18:11:00
1068,0.4445,0.4445,0.4445,0.4445,1000,2022-06-09 18:22:00
1069,0.444501,0.4476,0.444501,0.4476,1800,2022-06-09 18:24:00
1070,0.4478,0.4478,0.4478,0.4478,100,2022-06-09 18:27:00
1071,0.4476,0.4476,0.4476,0.4476,200,2022-06-09 18:35:00
1072,0.4507,0.4507,0.4507,0.4507,1000,2022-06-09 18:40:00
1073,0.44755,0.44755,0.44755,0.44755,600,2022-06-09 18:41:00
1074,0.4476,0.4476,0.4476,0.4476,100,2022-06-09 18:43:00
1075,0.4485,0.4485,0.4485,0.4485,100,2022-06-09 18:44:00
1076,0.445,0.445,0.445,0.445,200,2022-06-09 18:48:00
1077,0.445,0.45,0.445,0.45,10000,2022-06-09 18:49:00
1078,0.4501,0.4572,0.4501,0.4572,3035,2022-06-09 18:50:00
1079,0.4571,0.46,0.4561,0.46,7700,2022-06-09 18:51:00
1080,0.46,0.47,0.455,0.47,11294,2022-06-09 18:52:00
1081,0.4709,0.4709,0.465,0.465,3800,2022-06-09 18:53:00
1082,0.465,0.468,0.4582,0.4582,4000,2022-06-09 18:54:00
1083,0.468,0.468,0.464,0.468,600,2022-06-09 18:56:00
1084,0.46,0.46,0.455,0.455,1600,2022-06-09 18:58:00
1085,0.4551,0.4575,0.4551,0.4575,800,2022-06-09 18:59:00
1086,0.4575,0.4575,0.4575,0.4575,100,2022-06-09 19:03:00
1087,0.46,0.4699,0.46,0.4699,1400,2022-06-09 19:05:00
1088,0.4699,0.4699,0.465,0.465,500,2022-06-09 19:06:00
1089,0.46,0.46,0.455,0.455,2754,2022-06-09 19:07:00
1090,0.455,0.4564,0.45,0.45,11329,2022-06-09 19:08:00
1091,0.4575,0.4575,0.4548,0.4575,500,2022-06-09 19:13:00
1092,0.4574,0.4574,0.4574,0.4574,100,2022-06-09 19:31:00
1093,0.4501,0.4505,0.4501,0.4505,1500,2022-06-09 19:39:00
1094,0.45495,0.45495,0.45495,0.45495,100,2022-06-09 19:49:00
1095,0.45495,0.457,0.4524,0.452501,900,2022-06-09 19:50:00
1096,0.4569,0.4569,0.4569,0.4569,100,2022-06-09 19:51:00
1097,0.4526,0.4526,0.4526,0.4526,1800,2022-06-09 19:53:00
1098,0.4561,0.4561,0.4561,0.4561,800,2022-06-09 19:55:00
1099,0.4561,0.4561,0.4525,0.4525,400,2022-06-09 19:56:00
1100,0.4502,0.450201,0.4502,0.450201,600,2022-06-09 19:57:00
1101,0.450201,0.450201,0.450201,0.450201,200,2022-06-09 19:58:00
1102,0.455,0.4597,0.455,0.4597,1450,2022-06-09 19:59:00
1103,0.4627,0.4627,0.4627,0.4627,550,2022-06-09 20:26:00
1104,0.44,0.44,0.44,0.44,300,2022-06-10 09:28:00
1105,0.45,0.45,0.45,0.45,211,2022-06-10 09:39:00
1106,0.48,0.48,0.48,0.48,400,2022-06-10 12:22:00
1107,0.48,0.48,0.48,0.48,1000,2022-06-10 12:31:00
1108,0.4453,0.4453,0.4453,0.4453,1000,2022-06-10 13:30:00
1109,0.4353,0.435376,0.435,0.435,4939,2022-06-10 13:35:00
1110,0.4311,0.4311,0.4311,0.4311,197,2022-06-10 13:37:00
1111,0.4301,0.4301,0.4301,0.4301,100,2022-06-10 13:38:00
1112,0.43,0.43,0.43,0.43,1904,2022-06-10 13:39:00
1113,0.43,0.43,0.43,0.43,1067,2022-06-10 13:40:00
1114,0.43,0.43,0.43,0.43,200,2022-06-10 13:41:00
1115,0.43,0.43,0.425,0.425,6277,2022-06-10 13:42:00
1116,0.425,0.425,0.425,0.425,200,2022-06-10 13:44:00
1117,0.425,0.425,0.425,0.425,100,2022-06-10 13:45:00
1118,0.4299,0.43,0.4273,0.4273,600,2022-06-10 13:46:00
1119,0.4272,0.4272,0.4272,0.4272,200,2022-06-10 13:47:00
1120,0.4251,0.43,0.4251,0.4274,9800,2022-06-10 13:48:00
1121,0.4274,0.42989,0.4251,0.4251,4200,2022-06-10 13:49:00
1122,0.425,0.43,0.425,0.43,3600,2022-06-10 13:50:00
1123,0.43,0.43,0.43,0.43,9700,2022-06-10 13:51:00
1124,0.43,0.43,0.43,0.43,7700,2022-06-10 13:52:00
1125,0.427499,0.43,0.427499,0.43,12723,2022-06-10 13:53:00
1126,0.4299,0.4299,0.4299,0.4299,200,2022-06-10 13:54:00
1127,0.425,0.425,0.425,0.425,1000,2022-06-10 13:56:00
1128,0.43,0.43,0.43,0.43,10800,2022-06-10 13:57:00
1129,0.427501,0.427501,0.427501,0.427501,349,2022-06-10 13:58:00
1130,0.425,0.425,0.425,0.425,100,2022-06-10 14:00:00
1131,0.4298,0.4298,0.425,0.425,5100,2022-06-10 14:01:00
1132,0.4299,0.4299,0.425,0.425,2000,2022-06-10 14:03:00
1133,0.425,0.425,0.425,0.425,100,2022-06-10 14:05:00
1134,0.427449,0.427449,0.425,0.425,1800,2022-06-10 14:06:00
1135,0.429899,0.429899,0.429899,0.429899,500,2022-06-10 14:07:00
1136,0.425,0.425,0.425,0.425,100,2022-06-10 14:09:00
1137,0.425,0.425,0.425,0.425,100,2022-06-10 14:10:00
1138,0.425,0.425,0.425,0.425,100,2022-06-10 14:11:00
1139,0.425,0.425,0.425,0.425,970,2022-06-10 14:12:00
1140,0.425,0.425,0.425,0.425,100,2022-06-10 14:13:00
1141,0.425,0.425,0.425,0.425,200,2022-06-10 14:17:00
1142,0.4299,0.4299,0.4299,0.4299,200,2022-06-10 14:19:00
1143,0.425,0.4299,0.425,0.4272,600,2022-06-10 14:21:00
1144,0.425,0.425,0.425,0.425,100,2022-06-10 14:22:00
1145,0.429799,0.429799,0.429799,0.429799,500,2022-06-10 14:23:00
1146,0.425,0.425,0.425,0.425,7900,2022-06-10 14:25:00
1147,0.425,0.425,0.425,0.425,100,2022-06-10 14:28:00
1148,0.425,0.425,0.425,0.425,100,2022-06-10 14:31:00
1149,0.429,0.429,0.4252,0.4252,400,2022-06-10 14:34:00
1150,0.425,0.425,0.425,0.425,200,2022-06-10 14:39:00
1151,0.429,0.429,0.429,0.429,200,2022-06-10 14:40:00
1152,0.429,0.429,0.429,0.429,500,2022-06-10 14:41:00
1153,0.429,0.429,0.429,0.429,553,2022-06-10 14:42:00
1154,0.425,0.425,0.425,0.425,800,2022-06-10 14:47:00
1155,0.425,0.4288,0.425,0.4288,2100,2022-06-10 14:51:00
1156,0.425,0.425,0.425,0.425,200,2022-06-10 14:55:00
1157,0.425394,0.425394,0.425394,0.425394,350,2022-06-10 14:58:00
1158,0.4299,0.4299,0.4299,0.4299,250,2022-06-10 14:59:00
1159,0.425,0.425,0.425,0.425,100,2022-06-10 15:01:00
1160,0.425,0.425,0.425,0.425,100,2022-06-10 15:03:00
1161,0.429799,0.429799,0.429799,0.429799,1000,2022-06-10 15:04:00
1162,0.4224,0.4224,0.4224,0.4224,200,2022-06-10 15:14:00
1163,0.422,0.422,0.422,0.422,100,2022-06-10 15:25:00
1164,0.4262,0.4262,0.4262,0.4262,100,2022-06-10 15:28:00
1165,0.4262,0.4262,0.4262,0.4262,100,2022-06-10 15:30:00
1166,0.4299,0.4299,0.4299,0.4299,2700,2022-06-10 15:33:00
1167,0.4299,0.4299,0.425,0.425,589,2022-06-10 15:35:00
1168,0.425,0.425,0.425,0.425,200,2022-06-10 15:38:00
1169,0.4299,0.4299,0.4275,0.4289,1470,2022-06-10 15:40:00
1170,0.4289,0.4289,0.4289,0.4289,200,2022-06-10 15:43:00
1171,0.4286,0.4286,0.4286,0.4286,280,2022-06-10 15:47:00
1172,0.4285,0.4285,0.4285,0.4285,300,2022-06-10 15:49:00
1173,0.427,0.4286,0.427,0.4273,4127,2022-06-10 15:50:00
1174,0.4273,0.4288,0.4273,0.4285,4811,2022-06-10 15:53:00
1175,0.4285,0.4285,0.4285,0.4285,900,2022-06-10 15:54:00
1176,0.4285,0.4285,0.4285,0.4285,100,2022-06-10 15:56:00
1177,0.4285,0.4285,0.4285,0.4285,100,2022-06-10 15:59:00
1178,0.43,0.45,0.4293,0.445,8434,2022-06-10 16:00:00
1179,0.44,0.44,0.44,0.44,600,2022-06-10 16:03:00
1180,0.44,0.44,0.44,0.44,100,2022-06-10 16:11:00
1181,0.43,0.43,0.43,0.43,100,2022-06-10 16:17:00
1182,0.43,0.43,0.43,0.43,100,2022-06-10 16:19:00
1183,0.44,0.44,0.44,0.44,100,2022-06-10 16:24:00
1184,0.43,0.43,0.43,0.43,100,2022-06-10 16:30:00
1185,0.43,0.43,0.43,0.43,200,2022-06-10 16:35:00
1186,0.43,0.43,0.43,0.43,100,2022-06-10 16:41:00
1187,0.43,0.43,0.43,0.43,100,2022-06-10 16:42:00
1188,0.445,0.445,0.437,0.437,600,2022-06-10 16:46:00
1189,0.4369,0.4369,0.4325,0.4325,4900,2022-06-10 16:47:00
1190,0.435,0.45,0.435,0.445,2300,2022-06-10 16:48:00
1191,0.4451,0.4451,0.4451,0.4451,200,2022-06-10 16:49:00
1192,0.45,0.455,0.44,0.4401,2100,2022-06-10 16:50:00
1193,0.4401,0.4401,0.44,0.4401,7900,2022-06-10 16:51:00
1194,0.44,0.44,0.4391,0.4391,800,2022-06-10 16:52:00
1195,0.45,0.45,0.45,0.45,100,2022-06-10 16:59:00
1196,0.43,0.43,0.43,0.43,200,2022-06-10 17:09:00
1197,0.43,0.43,0.43,0.43,600,2022-06-10 17:17:00
1198,0.43,0.43,0.43,0.43,200,2022-06-10 17:19:00
1199,0.448299,0.448299,0.448299,0.448299,143,2022-06-10 17:23:00
1200,0.449899,0.449899,0.449899,0.449899,300,2022-06-10 17:27:00
1201,0.43,0.43,0.43,0.43,100,2022-06-10 17:29:00
1202,0.43,0.43,0.43,0.43,200,2022-06-10 17:35:00
1203,0.43,0.43,0.43,0.43,100,2022-06-10 17:45:00
1204,0.43,0.43,0.43,0.43,100,2022-06-10 17:46:00
1205,0.43,0.43,0.43,0.43,100,2022-06-10 18:00:00
1206,0.43,0.43,0.43,0.43,100,2022-06-10 18:01:00
1207,0.43,0.43,0.43,0.43,200,2022-06-10 18:12:00
1208,0.43,0.43,0.43,0.43,200,2022-06-10 18:24:00
1209,0.43,0.43,0.43,0.43,200,2022-06-10 18:36:00
1210,0.43,0.43,0.43,0.43,200,2022-06-10 18:46:00
1211,0.43,0.43,0.43,0.43,200,2022-06-10 18:56:00
1212,0.4399,0.4399,0.4399,0.4399,400,2022-06-10 18:59:00
1213,0.435,0.435,0.43,0.43,2000,2022-06-10 19:00:00
1214,0.4302,0.431165,0.4302,0.431165,550,2022-06-10 19:06:00
1215,0.4401,0.4401,0.4401,0.4401,4000,2022-06-10 19:08:00
1216,0.4401,0.4401,0.4401,0.4401,100,2022-06-10 19:18:00
1217,0.4401,0.4401,0.4401,0.4401,100,2022-06-10 19:24:00
1218,0.4401,0.4401,0.4401,0.4401,3000,2022-06-10 19:25:00
1219,0.4401,0.4401,0.4401,0.4401,300,2022-06-10 19:30:00
1220,0.4401,0.4401,0.4401,0.4401,100,2022-06-10 19:42:00
1221,0.4401,0.4401,0.4401,0.4401,100,2022-06-10 19:43:00
1222,0.4402,0.4402,0.4401,0.4401,901,2022-06-10 19:45:00
1223,0.4401,0.4401,0.4401,0.4401,100,2022-06-10 19:47:00
1224,0.4401,0.4401,0.4401,0.4401,100,2022-06-10 19:48:00
1225,0.4401,0.4401,0.4401,0.4401,100,2022-06-10 19:51:00
1226,0.4401,0.4401,0.4401,0.4401,100,2022-06-10 19:52:00
1227,0.4401,0.4401,0.4401,0.4401,100,2022-06-10 19:53:00
1228,0.4401,0.4401,0.4401,0.4401,100,2022-06-10 19:54:00
1229,0.4401,0.4401,0.44,0.44,500,2022-06-10 19:55:00
1230,0.4401,0.4401,0.43,0.43,1100,2022-06-10 19:56:00
1231,0.43,0.43,0.43,0.43,100,2022-06-10 19:57:00
1232,0.43,0.43,0.43,0.43,300,2022-06-10 19:58:00
1233,0.43,0.43,0.43,0.43,500,2022-06-10 19:59:00
1234,0.459,0.459,0.459,0.459,111,2022-06-10 20:33:00
1235,0.459,0.459,0.459,0.459,1090,2022-06-10 21:16:00
1236,0.4322,0.4322,0.4301,0.4301,1480,2022-06-10 22:24:00
1237,0.425,0.425,0.425,0.425,400,2022-06-10 22:25:00
