,open,high,low,close,volume,datetime
0,48.985,49.17,48.985,49.16,577,2022-05-27 13:30:00
1,49.25,49.25,49.25,49.25,100,2022-05-27 13:32:00
2,49.25,49.25,49.25,49.25,100,2022-05-27 13:43:00
3,49.25,49.25,49.25,49.25,300,2022-05-27 13:46:00
4,49.39,49.39,49.39,49.39,100,2022-05-27 13:53:00
5,49.5697,49.5697,49.5697,49.5697,191,2022-05-27 13:54:00
6,49.52,49.52,49.51,49.51,249,2022-05-27 13:55:00
7,49.425,49.425,49.425,49.425,600,2022-05-27 14:00:00
8,49.26,49.26,49.26,49.26,100,2022-05-27 14:14:00
9,49.2,49.2,49.2,49.2,100,2022-05-27 14:15:00
10,49.17,49.2,49.17,49.2,300,2022-05-27 14:32:00
11,49.1,49.1,49.1,49.1,300,2022-05-27 14:36:00
12,49.19,49.22,49.19,49.22,400,2022-05-27 14:42:00
13,49.25,49.365,49.226,49.3,1790,2022-05-27 14:43:00
14,49.39,49.39,49.39,49.39,600,2022-05-27 14:45:00
15,49.32,49.33,49.31,49.31,400,2022-05-27 14:46:00
16,49.14,49.14,49.14,49.14,100,2022-05-27 14:54:00
17,49.42,49.42,49.305,49.305,200,2022-05-27 15:05:00
18,49.325,49.325,49.325,49.325,100,2022-05-27 15:06:00
19,49.3,49.3,49.3,49.3,100,2022-05-27 15:09:00
20,49.26,49.26,49.26,49.26,100,2022-05-27 15:20:00
21,49.2697,49.2697,49.2697,49.2697,1000,2022-05-27 15:24:00
22,49.2799,49.2799,49.2799,49.2799,1000,2022-05-27 15:25:00
23,49.32,49.32,49.32,49.32,100,2022-05-27 15:36:00
24,49.32,49.32,49.32,49.32,106,2022-05-27 15:42:00
25,49.34,49.34,49.34,49.34,200,2022-05-27 15:46:00
26,49.31,49.31,49.31,49.31,100,2022-05-27 15:52:00
27,49.29,49.36,49.29,49.34,1100,2022-05-27 16:07:00
28,49.31,49.33,49.25,49.25,3100,2022-05-27 16:10:00
29,49.24,49.24,49.24,49.24,100,2022-05-27 16:13:00
30,49.24,49.26,49.24,49.25,300,2022-05-27 16:14:00
31,49.27,49.27,49.27,49.27,100,2022-05-27 16:20:00
32,49.27,49.27,49.22,49.26,3600,2022-05-27 16:21:00
33,49.22,49.23,49.22,49.23,300,2022-05-27 16:26:00
34,49.18,49.22,49.18,49.22,400,2022-05-27 16:34:00
35,49.175,49.175,49.175,49.175,116,2022-05-27 17:05:00
36,49.1,49.1,49.1,49.1,100,2022-05-27 17:06:00
37,49.19,49.19,49.19,49.19,100,2022-05-27 17:08:00
38,49.2,49.2,49.2,49.2,200,2022-05-27 17:13:00
39,49.26,49.26,49.26,49.26,100,2022-05-27 17:35:00
40,49.25,49.25,49.25,49.25,676,2022-05-27 17:42:00
41,49.25,49.25,49.25,49.25,300,2022-05-27 17:44:00
42,49.25,49.25,49.25,49.25,700,2022-05-27 17:45:00
43,49.25,49.25,49.25,49.25,1166,2022-05-27 17:46:00
44,49.23,49.23,49.23,49.23,224,2022-05-27 17:47:00
45,49.25,49.25,49.24,49.24,1685,2022-05-27 17:51:00
46,49.2169,49.2169,49.2169,49.2169,100,2022-05-27 17:52:00
47,49.24,49.24,49.24,49.24,100,2022-05-27 17:55:00
48,49.25,49.25,49.25,49.25,600,2022-05-27 17:56:00
49,49.26,49.26,49.26,49.26,100,2022-05-27 17:57:00
50,49.275,49.275,49.275,49.275,100,2022-05-27 18:02:00
51,49.25,49.25,49.25,49.25,100,2022-05-27 18:03:00
52,49.25,49.25,49.25,49.25,500,2022-05-27 18:04:00
53,49.23,49.23,49.23,49.23,300,2022-05-27 18:06:00
54,49.25,49.25,49.25,49.25,200,2022-05-27 18:07:00
55,49.25,49.25,49.25,49.25,100,2022-05-27 18:08:00
56,49.25,49.26,49.25,49.26,200,2022-05-27 18:14:00
57,49.32,49.32,49.32,49.32,100,2022-05-27 18:27:00
58,49.3429,49.3429,49.3429,49.3429,520,2022-05-27 18:38:00
59,49.33,49.33,49.32,49.33,942,2022-05-27 18:39:00
60,49.32,49.32,49.32,49.32,100,2022-05-27 18:56:00
61,49.33,49.33,49.33,49.33,100,2022-05-27 19:00:00
62,49.3183,49.3183,49.3183,49.3183,220,2022-05-27 19:01:00
63,49.39,49.46,49.39,49.46,355,2022-05-27 19:05:00
64,49.42,49.42,49.42,49.42,300,2022-05-27 19:07:00
65,49.49,49.49,49.49,49.49,100,2022-05-27 19:12:00
66,49.42,49.42,49.42,49.42,100,2022-05-27 19:17:00
67,49.46,49.46,49.46,49.46,100,2022-05-27 19:21:00
68,49.5,49.5,49.5,49.5,100,2022-05-27 19:23:00
69,49.5,49.5,49.5,49.5,200,2022-05-27 19:25:00
70,49.59,49.59,49.59,49.59,100,2022-05-27 19:30:00
71,49.59,49.59,49.59,49.59,100,2022-05-27 19:33:00
72,49.585,49.585,49.585,49.585,100,2022-05-27 19:35:00
73,49.585,49.585,49.585,49.585,100,2022-05-27 19:37:00
74,49.6,49.6,49.6,49.6,100,2022-05-27 19:39:00
75,49.585,49.585,49.57,49.57,200,2022-05-27 19:41:00
76,49.6,49.61,49.595,49.61,400,2022-05-27 19:43:00
77,49.635,49.635,49.635,49.635,100,2022-05-27 19:45:00
78,49.61,49.61,49.61,49.61,100,2022-05-27 19:46:00
79,49.61,49.61,49.6,49.61,600,2022-05-27 19:49:00
80,49.615,49.615,49.615,49.615,100,2022-05-27 19:50:00
81,49.56,49.585,49.56,49.585,200,2022-05-27 19:52:00
82,49.53,49.57,49.53,49.57,400,2022-05-27 19:54:00
83,49.57,49.57,49.535,49.535,200,2022-05-27 19:55:00
84,49.545,49.59,49.545,49.55,500,2022-05-27 19:57:00
85,49.54,49.54,49.51,49.51,200,2022-05-27 19:58:00
86,49.5,49.5,49.49,49.49,400,2022-05-27 19:59:00
87,49.55,49.55,49.55,49.55,8434,2022-05-27 20:00:00
88,49.55,49.55,49.55,49.55,458,2022-05-27 20:01:00
89,49.39,49.39,49.39,49.39,633,2022-05-31 13:30:00
90,49.13,49.13,49.13,49.13,100,2022-05-31 13:51:00
91,49.15,49.15,49.15,49.15,200,2022-05-31 13:52:00
92,49.36,49.36,49.36,49.36,100,2022-05-31 13:55:00
93,49.35,49.35,49.35,49.35,100,2022-05-31 13:56:00
94,49.27,49.27,49.26,49.26,200,2022-05-31 13:58:00
95,49.26,49.33,49.26,49.33,200,2022-05-31 13:59:00
96,49.17,49.17,49.17,49.17,100,2022-05-31 14:04:00
97,49.27,49.41,49.27,49.41,300,2022-05-31 14:07:00
98,49.34,49.34,49.33,49.33,200,2022-05-31 14:12:00
99,49.45,49.45,49.37,49.39,500,2022-05-31 14:16:00
100,49.335,49.335,49.335,49.335,200,2022-05-31 14:17:00
101,49.33,49.33,49.33,49.33,100,2022-05-31 14:19:00
102,49.405,49.405,49.405,49.405,100,2022-05-31 14:23:00
103,49.4,49.4,49.4,49.4,200,2022-05-31 14:25:00
104,49.34,49.39,49.33,49.33,400,2022-05-31 14:32:00
105,49.3,49.34,49.3,49.3,300,2022-05-31 14:34:00
106,48.99,49.06,48.99,49.06,200,2022-05-31 14:41:00
107,49.17,49.19,49.17,49.19,300,2022-05-31 14:47:00
108,49.22,49.28,49.2,49.22,900,2022-05-31 14:51:00
109,49.19,49.19,49.19,49.19,100,2022-05-31 14:56:00
110,49.32,49.32,49.32,49.32,100,2022-05-31 15:04:00
111,49.335,49.335,49.335,49.335,100,2022-05-31 15:13:00
112,49.24,49.24,49.24,49.24,100,2022-05-31 15:14:00
113,49.29,49.29,49.29,49.29,100,2022-05-31 15:15:00
114,49.44,49.44,49.44,49.44,141,2022-05-31 15:33:00
115,49.465,49.465,49.465,49.465,100,2022-05-31 15:35:00
116,49.49,49.49,49.47,49.47,200,2022-05-31 15:40:00
117,49.5,49.5,49.5,49.5,100,2022-05-31 15:41:00
118,49.59,49.59,49.59,49.59,300,2022-05-31 15:54:00
119,49.65,49.65,49.65,49.65,200,2022-05-31 16:03:00
120,49.6,49.6415,49.57,49.6,800,2022-05-31 16:16:00
121,49.67,49.67,49.67,49.67,100,2022-05-31 16:38:00
122,49.675,49.675,49.675,49.675,100,2022-05-31 16:43:00
123,49.72,49.72,49.72,49.72,100,2022-05-31 17:03:00
124,49.8796,49.8796,49.8796,49.8796,100,2022-05-31 17:08:00
125,49.875,49.875,49.875,49.875,200,2022-05-31 17:17:00
126,49.82,49.82,49.82,49.82,1483,2022-05-31 17:21:00
127,49.84,49.84,49.84,49.84,200,2022-05-31 17:27:00
128,49.82,49.83,49.82,49.83,200,2022-05-31 17:28:00
129,49.82,49.83,49.82,49.83,200,2022-05-31 17:29:00
130,49.85,49.85,49.85,49.85,200,2022-05-31 17:31:00
131,49.831,49.831,49.831,49.831,500,2022-05-31 17:42:00
132,49.95,49.95,49.95,49.95,125,2022-05-31 17:45:00
133,50.01,50.01,50.01,50.01,100,2022-05-31 17:47:00
134,50.07,50.07,49.99,49.99,400,2022-05-31 17:48:00
135,50.04,50.04,50.04,50.04,100,2022-05-31 17:49:00
136,50.17,50.21,50.17,50.21,300,2022-05-31 17:58:00
137,50.1,50.1,50.1,50.1,100,2022-05-31 18:00:00
138,50.21,50.21,50.21,50.21,100,2022-05-31 18:03:00
139,50.23,50.23,50.23,50.23,100,2022-05-31 18:17:00
140,50.175,50.175,50.175,50.175,100,2022-05-31 18:20:00
141,50.125,50.125,50.125,50.125,100,2022-05-31 18:23:00
142,50.06,50.06,50.06,50.06,100,2022-05-31 18:26:00
143,50.09,50.13,50.09,50.13,200,2022-05-31 18:37:00
144,50.1,50.1,50.1,50.1,200,2022-05-31 18:41:00
145,50.13,50.13,50.05,50.05,200,2022-05-31 18:42:00
146,50.04,50.04,50.04,50.04,100,2022-05-31 18:46:00
147,50.0,50.0,50.0,50.0,200,2022-05-31 18:49:00
148,49.98,49.98,49.98,49.98,100,2022-05-31 18:51:00
149,50.08,50.08,50.08,50.08,100,2022-05-31 18:59:00
150,49.99,49.99,49.99,49.99,100,2022-05-31 19:01:00
151,49.99,49.99,49.99,49.99,100,2022-05-31 19:02:00
152,50.1,50.11,50.055,50.11,400,2022-05-31 19:09:00
153,50.05,50.05,50.05,50.05,100,2022-05-31 19:10:00
154,50.16,50.16,50.16,50.16,100,2022-05-31 19:17:00
155,50.12,50.12,50.06,50.08,400,2022-05-31 19:19:00
156,50.11,50.11,50.11,50.11,100,2022-05-31 19:23:00
157,50.15,50.27,50.11,50.1547,3167,2022-05-31 19:24:00
158,50.2,50.2,50.2,50.2,100,2022-05-31 19:25:00
159,50.16,50.16,50.16,50.16,100,2022-05-31 19:27:00
160,50.15,50.16,50.14,50.14,300,2022-05-31 19:29:00
161,50.23,50.24,50.2,50.2,300,2022-05-31 19:31:00
162,50.21,50.21,50.21,50.21,100,2022-05-31 19:32:00
163,50.12,50.12,50.12,50.12,100,2022-05-31 19:35:00
164,50.12,50.12,50.12,50.12,100,2022-05-31 19:37:00
165,50.08,50.095,50.08,50.095,200,2022-05-31 19:38:00
166,50.09,50.09,50.09,50.09,200,2022-05-31 19:39:00
167,50.13,50.14,50.11,50.14,400,2022-05-31 19:47:00
168,50.11,50.11,50.11,50.11,100,2022-05-31 19:48:00
169,50.27,50.29,50.27,50.28,600,2022-05-31 19:50:00
170,50.25,50.25,50.25,50.25,100,2022-05-31 19:53:00
171,50.16,50.17,50.16,50.17,200,2022-05-31 19:55:00
172,50.19,50.19,50.16,50.17,1009,2022-05-31 19:56:00
173,50.16,50.16,50.11,50.16,1287,2022-05-31 19:57:00
174,50.09,50.14,50.05,50.13,1154,2022-05-31 19:58:00
175,50.13,50.24,50.11,50.2,3549,2022-05-31 19:59:00
176,50.2,50.2,50.2,50.2,27920,2022-05-31 20:00:00
177,50.2,50.2,50.2,50.2,173,2022-05-31 20:01:00
178,50.2,50.2,50.2,50.2,1149,2022-05-31 20:04:00
179,50.2,50.2,50.2,50.2,3813,2022-05-31 20:27:00
180,50.34,50.34,50.34,50.34,318,2022-06-01 13:30:00
181,49.99,49.99,49.98,49.99,421,2022-06-01 13:43:00
182,49.83,49.83,49.83,49.83,100,2022-06-01 13:46:00
183,49.84,49.84,49.83,49.83,200,2022-06-01 13:47:00
184,49.79,49.79,49.65,49.7,500,2022-06-01 13:57:00
185,49.68,49.78,49.68,49.78,200,2022-06-01 14:12:00
186,49.745,49.745,49.745,49.745,100,2022-06-01 14:13:00
187,49.63,49.63,49.63,49.63,201,2022-06-01 14:18:00
188,49.56,49.56,49.55,49.55,200,2022-06-01 14:32:00
189,49.69,49.78,49.69,49.78,400,2022-06-01 14:38:00
190,49.705,49.705,49.705,49.705,100,2022-06-01 14:46:00
191,49.8,49.86,49.8,49.86,200,2022-06-01 14:48:00
192,49.92,49.92,49.92,49.92,100,2022-06-01 14:51:00
193,49.79,49.79,49.79,49.79,100,2022-06-01 14:55:00
194,49.79,49.79,49.79,49.79,100,2022-06-01 14:57:00
195,49.88,49.88,49.88,49.88,100,2022-06-01 15:00:00
196,49.8007,49.8007,49.8007,49.8007,200,2022-06-01 15:08:00
197,49.88,49.88,49.88,49.88,100,2022-06-01 15:10:00
198,49.875,49.875,49.82,49.82,300,2022-06-01 15:12:00
199,49.88,49.88,49.88,49.88,200,2022-06-01 15:13:00
200,49.89,49.89,49.89,49.89,438,2022-06-01 15:17:00
201,49.86,49.88,49.82,49.88,1200,2022-06-01 15:26:00
202,49.85,49.85,49.85,49.85,100,2022-06-01 15:28:00
203,49.91,49.91,49.91,49.91,200,2022-06-01 15:30:00
204,50.0,50.0,50.0,50.0,100,2022-06-01 15:36:00
205,49.97,49.97,49.97,49.97,100,2022-06-01 15:38:00
206,49.97,49.97,49.97,49.97,100,2022-06-01 15:40:00
207,49.96,49.96,49.96,49.96,100,2022-06-01 15:43:00
208,49.86,49.86,49.86,49.86,398,2022-06-01 15:48:00
209,49.9,49.9,49.9,49.9,200,2022-06-01 16:04:00
210,49.86,49.86,49.86,49.86,100,2022-06-01 16:06:00
211,49.9,49.9,49.9,49.9,100,2022-06-01 16:08:00
212,49.82,49.8289,49.8,49.8289,500,2022-06-01 16:09:00
213,49.8,49.8,49.8,49.8,100,2022-06-01 16:10:00
214,49.91,49.91,49.91,49.91,200,2022-06-01 16:16:00
215,49.96,49.96,49.96,49.96,200,2022-06-01 16:18:00
216,50.03,50.03,50.03,50.03,100,2022-06-01 16:22:00
217,49.98,49.98,49.98,49.98,100,2022-06-01 16:23:00
218,49.98,49.98,49.98,49.98,100,2022-06-01 16:26:00
219,50.0,50.01,50.0,50.0,400,2022-06-01 16:32:00
220,50.03,50.03,50.03,50.03,100,2022-06-01 16:33:00
221,49.93,49.96,49.93,49.96,400,2022-06-01 16:37:00
222,49.94,49.94,49.94,49.94,300,2022-06-01 16:40:00
223,49.97,49.97,49.97,49.97,116,2022-06-01 16:43:00
224,49.95,49.95,49.92,49.92,200,2022-06-01 16:51:00
225,49.98,49.98,49.9,49.9,200,2022-06-01 16:52:00
226,49.96,49.97,49.96,49.97,200,2022-06-01 16:55:00
227,49.97,49.97,49.97,49.97,100,2022-06-01 17:03:00
228,49.97,49.97,49.97,49.97,100,2022-06-01 17:04:00
229,50.12,50.12,50.12,50.12,100,2022-06-01 17:18:00
230,50.32,50.32,50.32,50.32,100,2022-06-01 17:30:00
231,50.42,50.42,50.42,50.42,100,2022-06-01 17:34:00
232,50.36,50.36,50.36,50.36,100,2022-06-01 17:37:00
233,50.51,50.51,50.51,50.51,100,2022-06-01 17:49:00
234,50.33,50.33,50.33,50.33,100,2022-06-01 17:51:00
235,50.38,50.46,50.38,50.46,500,2022-06-01 18:00:00
236,50.48,50.48,50.48,50.48,100,2022-06-01 18:05:00
237,50.445,50.445,50.445,50.445,200,2022-06-01 18:06:00
238,50.32,50.32,50.32,50.32,100,2022-06-01 18:07:00
239,50.46,50.46,50.46,50.46,100,2022-06-01 18:10:00
240,50.39,50.39,50.39,50.39,150,2022-06-01 18:13:00
241,50.48,50.48,50.48,50.48,100,2022-06-01 18:14:00
242,50.4925,50.495,50.435,50.45,933,2022-06-01 18:29:00
243,50.44,50.44,50.44,50.44,100,2022-06-01 18:34:00
244,50.44,50.44,50.44,50.44,200,2022-06-01 18:42:00
245,50.51,50.51,50.51,50.51,100,2022-06-01 18:45:00
246,50.49,50.49,50.49,50.49,100,2022-06-01 18:49:00
247,50.5,50.5,50.5,50.5,100,2022-06-01 18:53:00
248,50.47,50.58,50.47,50.58,200,2022-06-01 18:55:00
249,50.55,50.55,50.55,50.55,100,2022-06-01 18:59:00
250,50.56,50.56,50.56,50.56,100,2022-06-01 19:02:00
251,50.55,50.55,50.55,50.55,100,2022-06-01 19:07:00
252,50.57,50.62,50.57,50.62,200,2022-06-01 19:08:00
253,50.6,50.6,50.6,50.6,100,2022-06-01 19:10:00
254,50.59,50.59,50.59,50.59,100,2022-06-01 19:11:00
255,50.6,50.6,50.6,50.6,200,2022-06-01 19:14:00
256,50.67,50.67,50.67,50.67,100,2022-06-01 19:16:00
257,50.56,50.56,50.56,50.56,100,2022-06-01 19:18:00
258,50.54,50.54,50.46,50.46,356,2022-06-01 19:19:00
259,50.56,50.56,50.56,50.56,100,2022-06-01 19:32:00
260,50.54,50.54,50.53,50.53,200,2022-06-01 19:35:00
261,50.48,50.49,50.45,50.49,850,2022-06-01 19:36:00
262,50.46,50.46,50.46,50.46,100,2022-06-01 19:38:00
263,50.58,50.58,50.58,50.58,100,2022-06-01 19:45:00
264,50.635,50.64,50.635,50.64,200,2022-06-01 19:47:00
265,50.61,50.61,50.61,50.61,100,2022-06-01 19:49:00
266,50.62,50.62,50.62,50.62,100,2022-06-01 19:51:00
267,50.55,50.58,50.55,50.55,1709,2022-06-01 19:53:00
268,50.46,50.49,50.46,50.47,400,2022-06-01 19:54:00
269,50.48,50.48,50.48,50.48,928,2022-06-01 19:55:00
270,50.42,50.42,50.42,50.42,100,2022-06-01 19:56:00
271,50.41,50.41,50.32,50.32,300,2022-06-01 19:57:00
272,50.31,50.36,50.305,50.305,600,2022-06-01 19:58:00
273,50.26,50.28,50.22,50.22,1000,2022-06-01 19:59:00
274,50.3,50.3,50.3,50.3,9050,2022-06-01 20:00:00
275,50.19,50.19,50.19,50.19,330,2022-06-02 13:30:00
276,49.77,50.065,49.695,49.72,400,2022-06-02 13:40:00
277,49.745,49.745,49.745,49.745,200,2022-06-02 13:41:00
278,49.715,49.715,49.715,49.715,100,2022-06-02 13:44:00
279,49.61,49.6223,49.61,49.6223,800,2022-06-02 13:47:00
280,49.66,49.66,49.66,49.66,100,2022-06-02 13:56:00
281,49.715,49.715,49.715,49.715,100,2022-06-02 13:58:00
282,49.8,49.81,49.735,49.76,700,2022-06-02 14:00:00
283,49.81,49.81,49.81,49.81,300,2022-06-02 14:01:00
284,49.78,49.78,49.78,49.78,100,2022-06-02 14:03:00
285,49.885,49.885,49.885,49.885,100,2022-06-02 14:06:00
286,49.855,49.855,49.855,49.855,300,2022-06-02 14:07:00
287,49.9,49.9,49.89,49.89,200,2022-06-02 14:14:00
288,49.88,49.92,49.87,49.92,650,2022-06-02 14:19:00
289,49.88,49.88,49.88,49.88,400,2022-06-02 14:23:00
290,49.88,49.88,49.87,49.87,200,2022-06-02 14:24:00
291,49.845,49.845,49.845,49.845,300,2022-06-02 14:26:00
292,49.85,49.85,49.83,49.83,500,2022-06-02 14:28:00
293,49.89,49.89,49.89,49.89,200,2022-06-02 14:33:00
294,49.905,49.905,49.9,49.9,200,2022-06-02 14:34:00
295,49.93,49.93,49.93,49.93,100,2022-06-02 14:36:00
296,49.87,49.87,49.87,49.87,100,2022-06-02 14:38:00
297,49.87,49.87,49.87,49.87,500,2022-06-02 14:41:00
298,49.765,49.765,49.765,49.765,100,2022-06-02 14:50:00
299,49.86,49.86,49.795,49.8,1000,2022-06-02 15:02:00
300,49.73,49.75,49.73,49.75,400,2022-06-02 15:08:00
301,49.73,49.73,49.73,49.73,100,2022-06-02 15:17:00
302,49.85,49.895,49.85,49.895,400,2022-06-02 15:25:00
303,49.875,49.875,49.875,49.875,100,2022-06-02 15:27:00
304,49.865,49.865,49.865,49.865,700,2022-06-02 15:32:00
305,49.865,49.865,49.84,49.845,300,2022-06-02 15:33:00
306,49.825,49.825,49.825,49.825,109,2022-06-02 15:34:00
307,49.85,49.85,49.84,49.84,200,2022-06-02 15:35:00
308,49.9,49.91,49.88,49.89,600,2022-06-02 15:41:00
309,49.94,49.94,49.94,49.94,100,2022-06-02 15:56:00
310,50.0367,50.0367,50.0367,50.0367,100,2022-06-02 16:14:00
311,50.02,50.02,50.02,50.02,100,2022-06-02 16:19:00
312,50.065,50.065,50.065,50.065,100,2022-06-02 16:24:00
313,50.119,50.119,50.119,50.119,100,2022-06-02 16:55:00
314,50.09,50.09,50.09,50.09,400,2022-06-02 17:13:00
315,50.08,50.08,50.08,50.08,100,2022-06-02 17:15:00
316,50.2,50.2,50.2,50.2,100,2022-06-02 17:24:00
317,50.16,50.16,50.16,50.16,100,2022-06-02 17:26:00
318,50.26,50.26,50.26,50.26,100,2022-06-02 17:31:00
319,50.28,50.28,50.24,50.28,300,2022-06-02 17:44:00
320,50.36,50.36,50.36,50.36,100,2022-06-02 17:47:00
321,50.38,50.38,50.38,50.38,100,2022-06-02 17:56:00
322,50.38,50.38,50.34,50.34,279,2022-06-02 17:58:00
323,50.33,50.33,50.31,50.31,500,2022-06-02 18:02:00
324,50.32,50.33,50.28,50.28,1096,2022-06-02 18:04:00
325,50.32,50.34,50.3,50.3,1100,2022-06-02 18:05:00
326,50.32,50.32,50.32,50.32,100,2022-06-02 18:07:00
327,50.26,50.26,50.25,50.25,200,2022-06-02 18:09:00
328,50.23,50.23,50.22,50.22,300,2022-06-02 18:12:00
329,50.17,50.17,50.17,50.17,100,2022-06-02 18:17:00
330,50.112,50.112,50.08,50.08,300,2022-06-02 18:34:00
331,50.15,50.15,50.08,50.08,400,2022-06-02 18:52:00
332,50.0997,50.0997,50.08,50.08,300,2022-06-02 18:54:00
333,50.08,50.08,50.07,50.07,200,2022-06-02 18:57:00
334,50.08,50.12,50.08,50.12,400,2022-06-02 19:07:00
335,50.14,50.14,50.14,50.14,300,2022-06-02 19:08:00
336,50.14,50.14,50.14,50.14,334,2022-06-02 19:09:00
337,50.11,50.11,50.01,50.0385,2100,2022-06-02 19:17:00
338,50.07,50.11,50.07,50.1,508,2022-06-02 19:20:00
339,50.105,50.105,50.105,50.105,100,2022-06-02 19:21:00
340,50.105,50.105,50.105,50.105,100,2022-06-02 19:22:00
341,50.15,50.15,50.15,50.15,100,2022-06-02 19:24:00
342,50.135,50.14,50.135,50.14,400,2022-06-02 19:25:00
343,50.06,50.06,50.06,50.06,100,2022-06-02 19:26:00
344,50.05,50.05,50.05,50.05,200,2022-06-02 19:27:00
345,50.02,50.02,50.02,50.02,100,2022-06-02 19:38:00
346,50.01,50.01,49.99,49.99,400,2022-06-02 19:47:00
347,50.03,50.06,50.025,50.025,800,2022-06-02 19:49:00
348,50.06,50.09,50.06,50.08,300,2022-06-02 19:50:00
349,50.12,50.12,50.115,50.115,300,2022-06-02 19:54:00
350,50.14,50.14,50.13,50.13,267,2022-06-02 19:55:00
351,50.14,50.15,50.07,50.08,2206,2022-06-02 19:56:00
352,50.12,50.12,50.12,50.12,100,2022-06-02 19:57:00
353,50.12,50.12,50.06,50.08,3542,2022-06-02 19:58:00
354,50.09,50.09,49.97,49.97,5652,2022-06-02 19:59:00
355,50.09,50.09,50.09,50.09,9596,2022-06-02 20:00:00
356,50.26,50.26,49.95,49.95,405,2022-06-03 13:30:00
357,49.94,49.94,49.94,49.94,100,2022-06-03 13:40:00
358,49.86,49.86,49.86,49.86,193,2022-06-03 13:47:00
359,49.71,49.71,49.71,49.71,100,2022-06-03 14:00:00
360,49.79,49.79,49.79,49.79,100,2022-06-03 14:02:00
361,49.78,49.78,49.78,49.78,100,2022-06-03 14:03:00
362,49.78,49.8,49.76,49.8,811,2022-06-03 14:21:00
363,49.84,49.84,49.83,49.83,300,2022-06-03 14:23:00
364,49.845,49.9,49.845,49.9,500,2022-06-03 14:31:00
365,49.9,49.9,49.845,49.845,700,2022-06-03 14:36:00
366,49.77,49.77,49.77,49.77,200,2022-06-03 14:39:00
367,49.66,49.66,49.66,49.66,100,2022-06-03 14:40:00
368,49.765,49.8,49.765,49.8,600,2022-06-03 14:46:00
369,49.815,49.815,49.75,49.75,200,2022-06-03 15:04:00
370,49.815,49.815,49.815,49.815,100,2022-06-03 15:06:00
371,49.815,49.815,49.815,49.815,1077,2022-06-03 15:14:00
372,49.7733,49.7733,49.7733,49.7733,100,2022-06-03 15:31:00
373,49.78,49.78,49.64,49.64,2200,2022-06-03 15:34:00
374,49.65,49.65,49.65,49.65,100,2022-06-03 15:39:00
375,49.65,49.65,49.65,49.65,300,2022-06-03 15:43:00
376,49.55,49.55,49.54,49.54,400,2022-06-03 15:45:00
377,49.52,49.52,49.52,49.52,300,2022-06-03 15:49:00
378,49.5,49.5,49.5,49.5,100,2022-06-03 15:52:00
379,49.54,49.54,49.54,49.54,100,2022-06-03 15:57:00
380,49.49,49.49,49.49,49.49,100,2022-06-03 15:58:00
381,49.585,49.585,49.585,49.585,100,2022-06-03 15:59:00
382,49.505,49.505,49.505,49.505,100,2022-06-03 16:00:00
383,49.52,49.52,49.52,49.52,100,2022-06-03 16:02:00
384,49.49,49.575,49.49,49.575,200,2022-06-03 16:03:00
385,49.585,49.585,49.585,49.585,100,2022-06-03 16:22:00
386,49.58,49.58,49.58,49.58,100,2022-06-03 16:23:00
387,49.55,49.55,49.55,49.55,493,2022-06-03 16:31:00
388,49.555,49.555,49.555,49.555,130,2022-06-03 16:51:00
389,49.605,49.605,49.605,49.605,100,2022-06-03 16:52:00
390,49.74,49.74,49.7,49.7,200,2022-06-03 16:55:00
391,49.79,49.79,49.79,49.79,100,2022-06-03 17:06:00
392,49.73,49.73,49.73,49.73,100,2022-06-03 17:09:00
393,49.73,49.73,49.73,49.73,300,2022-06-03 17:10:00
394,49.69,49.69,49.69,49.69,100,2022-06-03 17:18:00
395,49.69,49.69,49.57,49.57,200,2022-06-03 17:20:00
396,49.57,49.57,49.57,49.57,100,2022-06-03 17:21:00
397,49.57,49.57,49.57,49.57,100,2022-06-03 17:30:00
398,49.57,49.57,49.51,49.51,412,2022-06-03 17:43:00
399,49.58,49.58,49.58,49.58,300,2022-06-03 17:44:00
400,49.62,49.62,49.62,49.62,100,2022-06-03 18:04:00
401,49.53,49.53,49.53,49.53,100,2022-06-03 18:05:00
402,49.56,49.56,49.56,49.56,100,2022-06-03 18:20:00
403,49.6,49.6,49.6,49.6,100,2022-06-03 18:25:00
404,49.585,49.585,49.58,49.58,200,2022-06-03 18:28:00
405,49.52,49.52,49.52,49.52,100,2022-06-03 18:38:00
406,49.5,49.56,49.5,49.56,700,2022-06-03 18:50:00
407,49.52,49.52,49.52,49.52,100,2022-06-03 18:53:00
408,49.5,49.5,49.49,49.49,500,2022-06-03 19:12:00
409,49.45,49.45,49.45,49.45,100,2022-06-03 19:23:00
410,49.5,49.5,49.5,49.5,614,2022-06-03 19:29:00
411,49.5,49.5,49.5,49.5,326,2022-06-03 19:31:00
412,49.5,49.5,49.5,49.5,100,2022-06-03 19:33:00
413,49.49,49.49,49.49,49.49,100,2022-06-03 19:34:00
414,49.5,49.5,49.5,49.5,100,2022-06-03 19:36:00
415,49.53,49.58,49.53,49.58,300,2022-06-03 19:39:00
416,49.56,49.58,49.558,49.558,700,2022-06-03 19:44:00
417,49.56,49.56,49.56,49.56,100,2022-06-03 19:45:00
418,49.52,49.52,49.52,49.52,100,2022-06-03 19:46:00
419,49.5,49.5,49.5,49.5,100,2022-06-03 19:49:00
420,49.49,49.5,49.44,49.5,300,2022-06-03 19:50:00
421,49.51,49.51,49.51,49.51,100,2022-06-03 19:51:00
422,49.55,49.55,49.54,49.54,200,2022-06-03 19:52:00
423,49.61,49.61,49.61,49.61,200,2022-06-03 19:55:00
424,49.61,49.61,49.6,49.61,500,2022-06-03 19:56:00
425,49.655,49.66,49.655,49.66,366,2022-06-03 19:57:00
426,49.7,49.7,49.69,49.7,347,2022-06-03 19:58:00
427,49.715,49.715,49.64,49.64,1241,2022-06-03 19:59:00
428,49.7,49.7,49.7,49.7,8218,2022-06-03 20:00:00
429,49.99,49.99,49.99,49.99,416,2022-06-06 13:30:00
430,49.99,49.99,49.99,49.99,100,2022-06-06 13:33:00
431,49.935,49.935,49.935,49.935,100,2022-06-06 13:34:00
432,50.01,50.01,50.01,50.01,1034,2022-06-06 13:41:00
433,50.12,50.12,50.12,50.12,400,2022-06-06 13:49:00
434,50.06,50.06,50.06,50.06,100,2022-06-06 14:00:00
435,50.06,50.06,50.03,50.06,470,2022-06-06 14:01:00
436,50.025,50.17,50.025,50.04,400,2022-06-06 14:07:00
437,50.07,50.07,50.07,50.07,100,2022-06-06 14:08:00
438,50.02,50.02,50.02,50.02,300,2022-06-06 14:14:00
439,50.01,50.01,50.01,50.01,100,2022-06-06 14:18:00
440,50.0,50.0,49.99,49.99,350,2022-06-06 14:25:00
441,50.0067,50.0067,50.0067,50.0067,125,2022-06-06 14:29:00
442,49.95,49.95,49.95,49.95,100,2022-06-06 14:30:00
443,50.03,50.03,50.03,50.03,200,2022-06-06 14:33:00
444,49.86,49.86,49.85,49.86,400,2022-06-06 14:38:00
445,49.85,49.85,49.85,49.85,200,2022-06-06 14:39:00
446,49.78,49.79,49.78,49.79,400,2022-06-06 14:40:00
447,49.81,49.81,49.8,49.8,1600,2022-06-06 14:45:00
448,49.825,49.825,49.825,49.825,100,2022-06-06 14:46:00
449,49.9,49.9,49.83,49.85,600,2022-06-06 14:48:00
450,49.84,49.84,49.84,49.84,100,2022-06-06 14:50:00
451,49.84,49.84,49.82,49.82,300,2022-06-06 14:54:00
452,49.81,49.81,49.81,49.81,170,2022-06-06 14:56:00
453,49.82,49.83,49.82,49.83,500,2022-06-06 15:02:00
454,49.83,49.84,49.83,49.84,200,2022-06-06 15:07:00
455,49.83,49.85,49.83,49.85,1000,2022-06-06 15:09:00
456,49.915,49.915,49.87,49.875,300,2022-06-06 15:15:00
457,49.87,49.87,49.86,49.87,600,2022-06-06 15:16:00
458,49.88,49.88,49.88,49.88,300,2022-06-06 15:17:00
459,49.85,49.85,49.83,49.83,400,2022-06-06 15:19:00
460,49.79,49.8,49.79,49.8,300,2022-06-06 15:21:00
461,49.81,49.81,49.81,49.81,200,2022-06-06 15:24:00
462,49.78,49.78,49.78,49.78,100,2022-06-06 15:34:00
463,49.72,49.72,49.72,49.72,100,2022-06-06 15:36:00
464,49.802,49.802,49.802,49.802,152,2022-06-06 15:48:00
465,49.7775,49.78,49.77,49.7775,600,2022-06-06 15:55:00
466,49.7625,49.7625,49.72,49.72,900,2022-06-06 15:58:00
467,49.72,49.73,49.72,49.73,200,2022-06-06 16:00:00
468,49.76,49.76,49.76,49.76,100,2022-06-06 16:01:00
469,49.76,49.76,49.72,49.72,900,2022-06-06 16:02:00
470,49.73,49.76,49.715,49.74,1000,2022-06-06 16:07:00
471,49.71,49.7101,49.5902,49.61,5065,2022-06-06 16:08:00
472,49.58,49.58,49.58,49.58,100,2022-06-06 16:13:00
473,49.59,49.59,49.59,49.59,102,2022-06-06 16:17:00
474,49.62,49.62,49.62,49.62,100,2022-06-06 16:18:00
475,49.62,49.62,49.62,49.62,200,2022-06-06 16:19:00
476,49.62,49.62,49.62,49.62,100,2022-06-06 16:20:00
477,49.62,49.65,49.615,49.615,300,2022-06-06 16:21:00
478,49.54,49.54,49.54,49.54,100,2022-06-06 16:24:00
479,49.545,49.545,49.545,49.545,100,2022-06-06 16:25:00
480,49.52,49.52,49.52,49.52,100,2022-06-06 16:28:00
481,49.52,49.52,49.52,49.52,300,2022-06-06 16:33:00
482,49.53,49.53,49.53,49.53,100,2022-06-06 16:34:00
483,49.5566,49.5566,49.525,49.525,300,2022-06-06 16:38:00
484,49.58,49.58,49.58,49.58,100,2022-06-06 16:41:00
485,49.55,49.55,49.55,49.55,100,2022-06-06 16:45:00
486,49.53,49.53,49.53,49.53,196,2022-06-06 16:50:00
487,49.575,49.575,49.575,49.575,200,2022-06-06 16:53:00
488,49.5875,49.59,49.5875,49.59,200,2022-06-06 16:54:00
489,49.56,49.56,49.56,49.56,100,2022-06-06 16:56:00
490,49.57,49.57,49.57,49.57,500,2022-06-06 17:17:00
491,49.57,49.57,49.57,49.57,100,2022-06-06 17:18:00
492,49.59,49.59,49.59,49.59,100,2022-06-06 17:19:00
493,49.55,49.55,49.55,49.55,200,2022-06-06 17:25:00
494,49.52,49.52,49.52,49.52,248,2022-06-06 17:29:00
495,49.52,49.52,49.52,49.52,189,2022-06-06 17:31:00
496,49.56,49.56,49.56,49.56,100,2022-06-06 17:35:00
497,49.66,49.67,49.635,49.64,1084,2022-06-06 17:41:00
498,49.72,49.72,49.71,49.71,393,2022-06-06 17:50:00
499,49.7,49.7,49.7,49.7,400,2022-06-06 17:52:00
500,49.7193,49.7193,49.71,49.71,260,2022-06-06 18:10:00
501,49.68,49.73,49.675,49.73,300,2022-06-06 18:15:00
502,49.69,49.69,49.69,49.69,100,2022-06-06 18:16:00
503,49.69,49.69,49.69,49.69,100,2022-06-06 18:20:00
504,49.69,49.69,49.69,49.69,299,2022-06-06 18:23:00
505,49.6,49.6,49.6,49.6,100,2022-06-06 18:37:00
506,49.725,49.725,49.725,49.725,100,2022-06-06 18:47:00
507,49.68,49.73,49.68,49.73,1000,2022-06-06 18:50:00
508,49.69,49.69,49.68,49.68,300,2022-06-06 18:51:00
509,49.785,49.785,49.785,49.785,2567,2022-06-06 18:57:00
510,49.8,49.8,49.8,49.8,100,2022-06-06 19:02:00
511,49.8,49.8,49.8,49.8,100,2022-06-06 19:04:00
512,49.805,49.805,49.805,49.805,100,2022-06-06 19:05:00
513,49.82,49.82,49.81,49.81,200,2022-06-06 19:08:00
514,49.82,49.82,49.79,49.795,800,2022-06-06 19:09:00
515,49.835,49.835,49.78,49.78,200,2022-06-06 19:11:00
516,49.81,49.81,49.81,49.81,300,2022-06-06 19:12:00
517,49.78,49.78,49.78,49.78,400,2022-06-06 19:13:00
518,49.8,49.8,49.8,49.8,497,2022-06-06 19:14:00
519,49.78,49.8,49.78,49.78,600,2022-06-06 19:17:00
520,49.82,49.82,49.82,49.82,100,2022-06-06 19:21:00
521,49.81,49.81,49.81,49.81,100,2022-06-06 19:23:00
522,49.815,49.815,49.815,49.815,100,2022-06-06 19:26:00
523,49.84,49.84,49.79,49.83,300,2022-06-06 19:28:00
524,49.82,49.82,49.82,49.82,200,2022-06-06 19:29:00
525,49.81,49.84,49.81,49.84,471,2022-06-06 19:31:00
526,49.815,49.815,49.815,49.815,200,2022-06-06 19:32:00
527,49.83,49.83,49.83,49.83,100,2022-06-06 19:33:00
528,49.83,49.83,49.83,49.83,300,2022-06-06 19:36:00
529,49.82,49.83,49.79,49.79,500,2022-06-06 19:37:00
530,49.79,49.79,49.79,49.79,519,2022-06-06 19:38:00
531,49.82,49.83,49.82,49.83,200,2022-06-06 19:41:00
532,49.84,49.84,49.84,49.84,100,2022-06-06 19:42:00
533,49.88,49.88,49.875,49.875,200,2022-06-06 19:46:00
534,49.85,49.85,49.85,49.85,296,2022-06-06 19:47:00
535,49.89,49.9,49.89,49.9,200,2022-06-06 19:49:00
536,49.93,49.93,49.93,49.93,100,2022-06-06 19:50:00
537,49.895,49.895,49.895,49.895,100,2022-06-06 19:52:00
538,49.91,49.99,49.91,49.99,2000,2022-06-06 19:54:00
539,50.03,50.03,50.005,50.005,300,2022-06-06 19:55:00
540,50.0,50.0,49.98,50.0,400,2022-06-06 19:56:00
541,49.97,49.98,49.955,49.955,409,2022-06-06 19:58:00
542,49.94,50.03,49.94,50.03,2200,2022-06-06 19:59:00
543,50.04,50.04,50.04,50.04,9017,2022-06-06 20:00:00
544,49.96,49.96,49.94,49.94,2004,2022-06-07 13:30:00
545,49.78,49.78,49.78,49.78,100,2022-06-07 13:31:00
546,49.74,49.74,49.72,49.72,433,2022-06-07 13:41:00
547,49.74,49.74,49.74,49.74,100,2022-06-07 13:45:00
548,49.76,49.76,49.76,49.76,200,2022-06-07 13:49:00
549,49.87,49.87,49.85,49.85,600,2022-06-07 13:52:00
550,49.86,49.86,49.86,49.86,300,2022-06-07 13:53:00
551,49.85,49.85,49.85,49.85,400,2022-06-07 13:57:00
552,49.77,49.77,49.74,49.74,200,2022-06-07 13:58:00
553,49.825,49.825,49.825,49.825,100,2022-06-07 13:59:00
554,49.825,49.825,49.825,49.825,100,2022-06-07 14:00:00
555,49.825,49.83,49.825,49.83,400,2022-06-07 14:01:00
556,49.905,49.905,49.905,49.905,100,2022-06-07 14:04:00
557,49.97,49.97,49.915,49.95,300,2022-06-07 14:05:00
558,49.96,49.96,49.835,49.835,1200,2022-06-07 14:11:00
559,49.87,49.9,49.815,49.815,600,2022-06-07 14:12:00
560,49.83,49.83,49.83,49.83,100,2022-06-07 14:21:00
561,49.88,49.88,49.83,49.83,600,2022-06-07 14:23:00
562,49.8,49.81,49.76,49.76,596,2022-06-07 14:25:00
563,49.8,49.8,49.8,49.8,100,2022-06-07 14:27:00
564,49.79,49.79,49.79,49.79,300,2022-06-07 14:28:00
565,49.79,49.79,49.79,49.79,100,2022-06-07 14:29:00
566,49.8,49.83,49.8,49.83,400,2022-06-07 14:30:00
567,49.925,49.925,49.925,49.925,100,2022-06-07 14:43:00
568,49.89,49.89,49.89,49.89,100,2022-06-07 14:45:00
569,49.89,49.89,49.89,49.89,100,2022-06-07 14:47:00
570,50.04,50.04,50.04,50.04,100,2022-06-07 15:10:00
571,50.02,50.02,50.02,50.02,300,2022-06-07 15:17:00
572,50.04,50.05,50.04,50.05,200,2022-06-07 15:18:00
573,50.05,50.05,50.05,50.05,100,2022-06-07 15:22:00
574,50.09,50.09,50.09,50.09,229,2022-06-07 15:35:00
575,50.07,50.07,50.07,50.07,100,2022-06-07 15:39:00
576,49.96,49.96,49.96,49.96,100,2022-06-07 15:48:00
577,49.96,49.96,49.96,49.96,200,2022-06-07 15:49:00
578,49.96,49.96,49.935,49.935,400,2022-06-07 15:50:00
579,49.935,49.935,49.935,49.935,100,2022-06-07 15:51:00
580,49.96,49.97,49.92,49.93,1200,2022-06-07 15:53:00
581,49.92,49.92,49.895,49.895,300,2022-06-07 15:57:00
582,49.86,49.86,49.845,49.845,400,2022-06-07 15:58:00
583,49.83,49.83,49.83,49.83,100,2022-06-07 16:01:00
584,49.9,49.91,49.87,49.91,400,2022-06-07 16:04:00
585,49.9,49.9,49.9,49.9,200,2022-06-07 16:07:00
586,49.9,49.9,49.88,49.88,500,2022-06-07 16:19:00
587,49.875,49.875,49.875,49.875,200,2022-06-07 16:20:00
588,49.875,49.875,49.875,49.875,1203,2022-06-07 16:21:00
589,49.875,49.93,49.875,49.875,1303,2022-06-07 16:23:00
590,50.02,50.02,50.02,50.02,200,2022-06-07 16:41:00
591,50.09,50.09,50.09,50.09,600,2022-06-07 16:50:00
592,50.11,50.11,50.11,50.11,100,2022-06-07 17:23:00
593,50.13,50.13,50.13,50.13,400,2022-06-07 17:29:00
594,50.08,50.08,50.08,50.08,300,2022-06-07 17:33:00
595,50.07,50.15,50.0499,50.0499,1900,2022-06-07 17:39:00
596,50.085,50.085,50.085,50.085,100,2022-06-07 17:40:00
597,50.13,50.13,50.13,50.13,100,2022-06-07 17:47:00
598,50.16,50.16,50.16,50.16,100,2022-06-07 18:01:00
599,50.21,50.22,50.21,50.22,300,2022-06-07 18:09:00
600,50.26,50.26,50.26,50.26,200,2022-06-07 18:15:00
601,50.33,50.33,50.33,50.33,100,2022-06-07 18:36:00
602,50.31,50.31,50.31,50.31,200,2022-06-07 18:39:00
603,50.245,50.245,50.245,50.245,100,2022-06-07 18:40:00
604,50.32,50.32,50.32,50.32,100,2022-06-07 18:41:00
605,50.32,50.33,50.32,50.33,300,2022-06-07 18:42:00
606,50.285,50.285,50.285,50.285,200,2022-06-07 18:46:00
607,50.29,50.29,50.29,50.29,100,2022-06-07 18:48:00
608,50.28,50.28,50.28,50.28,100,2022-06-07 18:50:00
609,50.31,50.31,50.31,50.31,200,2022-06-07 18:55:00
610,50.33,50.33,50.33,50.33,100,2022-06-07 19:00:00
611,50.34,50.34,50.34,50.34,100,2022-06-07 19:01:00
612,50.34,50.34,50.34,50.34,100,2022-06-07 19:02:00
613,50.32,50.33,50.3,50.3,400,2022-06-07 19:12:00
614,50.33,50.33,50.305,50.305,200,2022-06-07 19:16:00
615,50.3,50.3,50.3,50.3,600,2022-06-07 19:30:00
616,50.33,50.34,50.33,50.33,800,2022-06-07 19:31:00
617,50.35,50.35,50.35,50.35,100,2022-06-07 19:33:00
618,50.34,50.34,50.34,50.34,200,2022-06-07 19:34:00
619,50.38,50.38,50.38,50.38,100,2022-06-07 19:39:00
620,50.38,50.38,50.38,50.38,200,2022-06-07 19:40:00
621,50.375,50.375,50.375,50.375,238,2022-06-07 19:41:00
622,50.375,50.375,50.375,50.375,100,2022-06-07 19:42:00
623,50.375,50.375,50.375,50.375,200,2022-06-07 19:43:00
624,50.38,50.38,50.38,50.38,100,2022-06-07 19:44:00
625,50.34,50.34,50.34,50.34,100,2022-06-07 19:49:00
626,50.4,50.4,50.4,50.4,200,2022-06-07 19:50:00
627,50.37,50.37,50.37,50.37,100,2022-06-07 19:51:00
628,50.39,50.39,50.39,50.39,100,2022-06-07 19:53:00
629,50.395,50.41,50.39,50.41,500,2022-06-07 19:54:00
630,50.35,50.41,50.25,50.25,10109,2022-06-07 19:55:00
631,50.19,50.19,50.18,50.18,600,2022-06-07 19:56:00
632,50.15,50.15,50.13,50.15,968,2022-06-07 19:57:00
633,50.15,50.18,50.13,50.13,1500,2022-06-07 19:58:00
634,50.16,50.21,50.16,50.18,900,2022-06-07 19:59:00
635,50.19,50.19,50.19,50.19,12109,2022-06-07 20:00:00
636,50.19,50.19,50.19,50.19,1534,2022-06-07 20:02:00
637,49.95,49.95,49.95,49.95,1057,2022-06-08 13:30:00
638,49.87,49.87,49.87,49.87,100,2022-06-08 13:31:00
639,49.8,49.8,49.72,49.72,400,2022-06-08 13:43:00
640,49.79,49.79,49.79,49.79,100,2022-06-08 13:45:00
641,49.91,49.91,49.91,49.91,300,2022-06-08 13:46:00
642,49.91,49.91,49.9,49.9,300,2022-06-08 13:47:00
643,50.0,50.0,50.0,50.0,100,2022-06-08 14:01:00
644,49.94,49.94,49.94,49.94,100,2022-06-08 14:02:00
645,49.88,49.89,49.88,49.89,400,2022-06-08 14:03:00
646,49.89,49.89,49.89,49.89,100,2022-06-08 14:05:00
647,49.92,49.92,49.92,49.92,100,2022-06-08 14:11:00
648,49.85,49.85,49.85,49.85,300,2022-06-08 14:12:00
649,49.885,49.885,49.885,49.885,100,2022-06-08 14:14:00
650,49.86,49.86,49.86,49.86,400,2022-06-08 14:18:00
651,49.79,49.8,49.79,49.8,200,2022-06-08 14:21:00
652,49.81,49.81,49.81,49.81,100,2022-06-08 14:37:00
653,49.8,49.8,49.8,49.8,200,2022-06-08 14:39:00
654,49.86,49.86,49.85,49.85,200,2022-06-08 14:41:00
655,49.92,49.92,49.85,49.85,300,2022-06-08 14:43:00
656,49.86,49.86,49.86,49.86,100,2022-06-08 14:46:00
657,49.86,49.86,49.86,49.86,791,2022-06-08 14:58:00
658,49.88,49.88,49.88,49.88,366,2022-06-08 15:09:00
659,49.85,49.85,49.85,49.85,100,2022-06-08 15:27:00
660,49.84,49.84,49.84,49.84,100,2022-06-08 15:34:00
661,49.85,49.85,49.85,49.85,300,2022-06-08 15:35:00
662,49.9822,49.9822,49.9822,49.9822,300,2022-06-08 15:36:00
663,49.9066,49.9066,49.9066,49.9066,1000,2022-06-08 15:41:00
664,49.88,49.88,49.88,49.88,221,2022-06-08 15:44:00
665,49.925,49.925,49.925,49.925,100,2022-06-08 15:45:00
666,49.905,49.905,49.905,49.905,100,2022-06-08 16:05:00
667,49.87,49.87,49.87,49.87,252,2022-06-08 16:06:00
668,49.87,49.87,49.87,49.87,200,2022-06-08 16:22:00
669,49.82,49.82,49.82,49.82,288,2022-06-08 16:26:00
670,49.82,49.82,49.82,49.82,200,2022-06-08 16:27:00
671,49.83,49.83,49.83,49.83,200,2022-06-08 16:28:00
672,49.82,49.82,49.82,49.82,100,2022-06-08 16:33:00
673,49.735,49.735,49.735,49.735,100,2022-06-08 16:38:00
674,49.72,49.72,49.72,49.72,200,2022-06-08 16:39:00
675,49.69,49.69,49.69,49.69,100,2022-06-08 16:41:00
676,49.68,49.68,49.68,49.68,100,2022-06-08 16:43:00
677,49.65,49.69,49.65,49.69,500,2022-06-08 16:51:00
678,49.63,49.63,49.62,49.62,493,2022-06-08 16:52:00
679,49.71,49.71,49.71,49.71,100,2022-06-08 17:05:00
680,49.59,49.59,49.59,49.59,100,2022-06-08 17:11:00
681,49.59,49.59,49.59,49.59,100,2022-06-08 17:15:00
682,49.65,49.65,49.65,49.65,100,2022-06-08 17:18:00
683,49.61,49.61,49.61,49.61,100,2022-06-08 17:30:00
684,49.66,49.66,49.66,49.66,100,2022-06-08 17:34:00
685,49.66,49.66,49.66,49.66,200,2022-06-08 17:41:00
686,49.72,49.73,49.72,49.73,200,2022-06-08 17:42:00
687,49.7,49.73,49.69,49.73,604,2022-06-08 17:50:00
688,49.7,49.7,49.7,49.7,100,2022-06-08 17:51:00
689,49.74,49.74,49.74,49.74,200,2022-06-08 18:00:00
690,49.74,49.74,49.74,49.74,200,2022-06-08 18:01:00
691,49.73,49.73,49.73,49.73,100,2022-06-08 18:06:00
692,49.67,49.69,49.67,49.67,300,2022-06-08 18:13:00
693,49.7,49.72,49.7,49.72,645,2022-06-08 18:21:00
694,49.71,49.71,49.71,49.71,154,2022-06-08 18:26:00
695,49.725,49.725,49.725,49.725,100,2022-06-08 18:34:00
696,49.79,49.79,49.79,49.79,200,2022-06-08 18:43:00
697,49.73,49.75,49.73,49.75,200,2022-06-08 18:47:00
698,49.71,49.71,49.71,49.71,100,2022-06-08 18:50:00
699,49.7,49.7,49.7,49.7,100,2022-06-08 18:51:00
700,49.762,49.762,49.762,49.762,201,2022-06-08 18:54:00
701,49.76,49.77,49.76,49.77,500,2022-06-08 18:55:00
702,49.79,49.8,49.79,49.79,400,2022-06-08 19:00:00
703,49.79,49.79,49.79,49.79,200,2022-06-08 19:01:00
704,49.8,49.81,49.8,49.81,645,2022-06-08 19:05:00
705,49.8,49.8,49.8,49.8,200,2022-06-08 19:12:00
706,49.83,49.83,49.83,49.83,100,2022-06-08 19:14:00
707,49.855,49.86,49.85,49.85,700,2022-06-08 19:16:00
708,49.85,49.85,49.85,49.85,300,2022-06-08 19:17:00
709,49.88,49.88,49.88,49.88,100,2022-06-08 19:18:00
710,49.9,49.9,49.9,49.9,100,2022-06-08 19:21:00
711,49.92,49.92,49.92,49.92,100,2022-06-08 19:24:00
712,49.95,49.95,49.95,49.95,100,2022-06-08 19:30:00
713,49.91,49.91,49.91,49.91,100,2022-06-08 19:32:00
714,49.95,49.95,49.95,49.95,200,2022-06-08 19:33:00
715,49.99,49.99,49.99,49.99,100,2022-06-08 19:35:00
716,49.92,49.92,49.92,49.92,100,2022-06-08 19:38:00
717,49.945,49.945,49.945,49.945,100,2022-06-08 19:39:00
718,49.9,49.9,49.9,49.9,200,2022-06-08 19:45:00
719,49.95,49.95,49.905,49.905,200,2022-06-08 19:47:00
720,49.93,49.93,49.88,49.89,300,2022-06-08 19:49:00
721,49.88,49.88,49.88,49.88,300,2022-06-08 19:52:00
722,49.89,49.89,49.89,49.89,100,2022-06-08 19:53:00
723,49.8,49.8,49.8,49.8,100,2022-06-08 19:54:00
724,49.91,49.91,49.91,49.91,100,2022-06-08 19:55:00
725,49.91,49.91,49.91,49.91,100,2022-06-08 19:56:00
726,49.915,49.92,49.915,49.92,200,2022-06-08 19:57:00
727,49.905,49.905,49.83,49.83,323,2022-06-08 19:58:00
728,49.85,49.86,49.76,49.86,694,2022-06-08 19:59:00
729,49.86,49.86,49.86,49.86,10029,2022-06-08 20:00:00
730,49.86,49.86,49.86,49.86,686,2022-06-08 20:01:00
731,49.98,49.98,49.98,49.98,311,2022-06-09 13:30:00
732,49.67,49.67,49.67,49.67,500,2022-06-09 13:33:00
733,49.81,49.81,49.8,49.8,300,2022-06-09 13:42:00
734,49.745,49.745,49.745,49.745,100,2022-06-09 13:45:00
735,49.69,49.69,49.69,49.69,100,2022-06-09 14:01:00
736,49.71,49.71,49.71,49.71,300,2022-06-09 14:05:00
737,49.71,49.71,49.7,49.7,600,2022-06-09 14:06:00
738,49.71,49.71,49.7,49.7,400,2022-06-09 14:10:00
739,49.62,49.63,49.62,49.63,455,2022-06-09 14:12:00
740,49.65,49.65,49.65,49.65,700,2022-06-09 14:15:00
741,49.71,49.71,49.71,49.71,200,2022-06-09 14:17:00
742,49.68,49.68,49.67,49.67,200,2022-06-09 14:18:00
743,49.69,49.69,49.69,49.69,200,2022-06-09 14:19:00
744,49.7,49.7,49.7,49.7,100,2022-06-09 14:20:00
745,49.63,49.63,49.63,49.63,100,2022-06-09 14:22:00
746,49.6,49.6,49.59,49.59,295,2022-06-09 14:24:00
747,49.62,49.63,49.62,49.63,200,2022-06-09 14:33:00
748,49.62,49.62,49.62,49.62,100,2022-06-09 14:44:00
749,49.62,49.62,49.62,49.62,200,2022-06-09 14:45:00
750,49.58,49.58,49.58,49.58,100,2022-06-09 15:06:00
751,49.7459,49.7459,49.73,49.73,301,2022-06-09 15:16:00
752,49.78,49.78,49.78,49.78,100,2022-06-09 15:22:00
753,49.72,49.72,49.72,49.72,200,2022-06-09 15:27:00
754,49.69,49.69,49.69,49.69,100,2022-06-09 15:31:00
755,49.69,49.69,49.68,49.68,300,2022-06-09 15:35:00
756,49.68,49.68,49.68,49.68,200,2022-06-09 15:36:00
757,49.69,49.75,49.69,49.735,694,2022-06-09 15:38:00
758,49.76,49.76,49.76,49.76,200,2022-06-09 15:45:00
759,49.6223,49.6223,49.6223,49.6223,290,2022-06-09 15:49:00
760,49.7,49.7,49.7,49.7,100,2022-06-09 15:55:00
761,49.79,49.79,49.77,49.77,500,2022-06-09 15:56:00
762,49.67,49.67,49.67,49.67,100,2022-06-09 16:03:00
763,49.65,49.65,49.65,49.65,100,2022-06-09 16:05:00
764,49.66,49.66,49.63,49.63,200,2022-06-09 16:07:00
765,49.64,49.64,49.61,49.61,374,2022-06-09 16:26:00
766,49.645,49.645,49.645,49.645,100,2022-06-09 16:35:00
767,49.71,49.73,49.71,49.73,709,2022-06-09 16:40:00
768,49.72,49.72,49.72,49.72,100,2022-06-09 16:45:00
769,49.705,49.705,49.705,49.705,100,2022-06-09 16:46:00
770,49.8,49.82,49.8,49.82,300,2022-06-09 16:59:00
771,49.775,49.775,49.775,49.775,100,2022-06-09 17:05:00
772,49.72,49.72,49.72,49.72,200,2022-06-09 17:22:00
773,49.72,49.72,49.72,49.72,200,2022-06-09 17:30:00
774,49.67,49.67,49.67,49.67,100,2022-06-09 17:32:00
775,49.67,49.67,49.67,49.67,300,2022-06-09 17:35:00
776,49.64,49.64,49.64,49.64,200,2022-06-09 17:37:00
777,49.68,49.68,49.68,49.68,200,2022-06-09 17:38:00
778,49.69,49.69,49.69,49.69,100,2022-06-09 17:39:00
779,49.65,49.68,49.65,49.68,573,2022-06-09 17:44:00
780,49.68,49.7,49.68,49.7,500,2022-06-09 17:45:00
781,49.74,49.74,49.74,49.74,100,2022-06-09 17:53:00
782,49.75,49.75,49.75,49.75,297,2022-06-09 17:56:00
783,49.75,49.75,49.75,49.75,100,2022-06-09 18:01:00
784,49.8,49.8,49.8,49.8,200,2022-06-09 18:03:00
785,49.72,49.72,49.72,49.72,100,2022-06-09 18:04:00
786,49.72,49.72,49.72,49.72,171,2022-06-09 18:17:00
787,49.72,49.72,49.72,49.72,200,2022-06-09 18:18:00
788,49.73,49.73,49.73,49.73,374,2022-06-09 18:22:00
789,49.75,49.75,49.75,49.75,100,2022-06-09 18:28:00
790,49.73,49.73,49.73,49.73,100,2022-06-09 18:30:00
791,49.73,49.73,49.73,49.73,196,2022-06-09 18:31:00
792,49.72,49.73,49.7,49.73,500,2022-06-09 18:34:00
793,49.695,49.695,49.695,49.695,100,2022-06-09 18:35:00
794,49.705,49.72,49.66,49.66,700,2022-06-09 18:37:00
795,49.62,49.62,49.61,49.61,300,2022-06-09 18:40:00
796,49.399,49.399,49.399,49.399,181,2022-06-09 18:44:00
797,49.37,49.37,49.37,49.37,200,2022-06-09 18:46:00
798,49.35,49.36,49.32,49.32,600,2022-06-09 18:52:00
799,49.36,49.36,49.36,49.36,200,2022-06-09 18:53:00
800,49.36,49.36,49.35,49.35,200,2022-06-09 18:59:00
801,49.32,49.32,49.32,49.32,100,2022-06-09 19:00:00
802,49.25,49.27,49.25,49.26,300,2022-06-09 19:03:00
803,49.25,49.25,49.24,49.24,200,2022-06-09 19:10:00
804,49.24,49.26,49.24,49.26,300,2022-06-09 19:16:00
805,49.2176,49.2176,49.18,49.18,400,2022-06-09 19:21:00
806,49.16,49.16,49.16,49.16,100,2022-06-09 19:22:00
807,49.16,49.1603,49.16,49.1603,453,2022-06-09 19:26:00
808,49.1549,49.1549,49.1549,49.1549,100,2022-06-09 19:28:00
809,49.13,49.13,49.13,49.13,100,2022-06-09 19:31:00
810,49.14,49.14,49.13,49.13,700,2022-06-09 19:32:00
811,49.1,49.1,49.1,49.1,300,2022-06-09 19:33:00
812,49.1,49.1,49.04,49.04,300,2022-06-09 19:34:00
813,49.03,49.03,49.03,49.03,100,2022-06-09 19:37:00
814,49.06,49.06,49.06,49.06,127,2022-06-09 19:39:00
815,49.03,49.06,49.03,49.06,400,2022-06-09 19:44:00
816,49.02,49.02,49.02,49.02,100,2022-06-09 19:45:00
817,49.01,49.01,49.01,49.01,600,2022-06-09 19:49:00
818,48.96,48.97,48.9,48.9,300,2022-06-09 19:50:00
819,48.93,48.93,48.81,48.81,500,2022-06-09 19:55:00
820,48.78,48.81,48.76,48.81,1114,2022-06-09 19:56:00
821,48.79,48.8,48.77,48.8,400,2022-06-09 19:57:00
822,48.78,48.78,48.77,48.77,300,2022-06-09 19:58:00
823,48.78,48.84,48.76,48.77,1912,2022-06-09 19:59:00
824,48.77,48.77,48.77,48.77,8279,2022-06-09 20:00:00
825,48.77,48.77,48.77,48.77,961,2022-06-09 20:01:00
826,48.17,48.37,48.17,48.37,609,2022-06-10 13:30:00
827,48.28,48.28,48.27,48.27,200,2022-06-10 13:34:00
828,48.69,48.87,48.18,48.18,300,2022-06-10 13:35:00
829,48.24,48.24,48.24,48.24,100,2022-06-10 13:37:00
830,48.18,48.18,48.18,48.18,200,2022-06-10 13:42:00
831,48.33,48.33,48.33,48.33,100,2022-06-10 13:46:00
832,48.33,48.33,48.235,48.235,300,2022-06-10 13:49:00
833,48.14,48.14,48.14,48.14,100,2022-06-10 13:50:00
834,48.1238,48.1238,48.1238,48.1238,300,2022-06-10 13:53:00
835,48.11,48.15,48.11,48.13,800,2022-06-10 14:00:00
836,48.03,48.03,48.03,48.03,100,2022-06-10 14:03:00
837,48.04,48.05,48.04,48.05,200,2022-06-10 14:05:00
838,48.11,48.11,48.11,48.11,100,2022-06-10 14:10:00
839,48.09,48.09,48.07,48.07,300,2022-06-10 14:11:00
840,48.06,48.07,48.06,48.07,500,2022-06-10 14:14:00
841,48.08,48.08,48.08,48.08,100,2022-06-10 14:15:00
842,47.99,47.99,47.99,47.99,100,2022-06-10 14:17:00
843,47.98,47.98,47.98,47.98,100,2022-06-10 14:18:00
844,47.95,47.95,47.95,47.95,100,2022-06-10 14:19:00
845,47.95,47.95,47.94,47.94,200,2022-06-10 14:24:00
846,47.95,47.95,47.95,47.95,100,2022-06-10 14:25:00
847,47.96,47.96,47.96,47.96,100,2022-06-10 14:26:00
848,47.9,47.9,47.88,47.88,300,2022-06-10 14:30:00
849,48.02,48.02,48.02,48.02,100,2022-06-10 14:40:00
850,48.08,48.08,48.08,48.08,100,2022-06-10 14:42:00
851,48.19,48.19,48.19,48.19,100,2022-06-10 14:51:00
852,48.12,48.12,48.12,48.12,100,2022-06-10 14:52:00
853,48.08,48.08,48.08,48.08,300,2022-06-10 14:56:00
854,48.06,48.07,48.06,48.07,200,2022-06-10 14:58:00
855,48.03,48.03,47.96,47.96,300,2022-06-10 15:03:00
856,47.91,47.91,47.91,47.91,100,2022-06-10 15:06:00
857,48.01,48.01,48.0,48.0,200,2022-06-10 15:10:00
858,47.96,47.96,47.96,47.96,100,2022-06-10 15:23:00
859,47.92,47.92,47.92,47.92,100,2022-06-10 15:24:00
860,47.93,47.93,47.88,47.88,1330,2022-06-10 15:27:00
861,47.83,47.87,47.83,47.87,800,2022-06-10 15:44:00
862,47.81,47.81,47.81,47.81,100,2022-06-10 15:47:00
863,47.84,47.84,47.84,47.84,100,2022-06-10 15:50:00
864,47.86,47.86,47.86,47.86,100,2022-06-10 15:53:00
865,47.92,47.92,47.92,47.92,200,2022-06-10 15:56:00
866,48.05,48.05,48.05,48.05,300,2022-06-10 16:06:00
867,48.04,48.04,48.04,48.04,200,2022-06-10 16:14:00
868,47.99,47.99,47.99,47.99,220,2022-06-10 16:17:00
869,47.86,47.86,47.86,47.86,100,2022-06-10 16:22:00
870,47.85,47.85,47.85,47.85,400,2022-06-10 16:25:00
871,47.81,47.81,47.805,47.805,200,2022-06-10 16:28:00
872,47.76,47.8,47.76,47.8,300,2022-06-10 16:29:00
873,47.81,47.82,47.81,47.81,500,2022-06-10 16:36:00
874,47.77,47.77,47.77,47.77,100,2022-06-10 16:37:00
875,47.78,47.78,47.78,47.78,100,2022-06-10 16:44:00
876,47.82,47.82,47.82,47.82,100,2022-06-10 16:45:00
877,47.74,47.74,47.74,47.74,200,2022-06-10 16:48:00
878,47.74,47.74,47.74,47.74,100,2022-06-10 16:54:00
879,47.77,47.77,47.77,47.77,100,2022-06-10 16:59:00
880,47.66,47.66,47.66,47.66,100,2022-06-10 17:03:00
881,47.73,47.73,47.73,47.73,200,2022-06-10 17:05:00
882,47.75,47.75,47.75,47.75,100,2022-06-10 17:09:00
883,47.78,47.795,47.76,47.76,400,2022-06-10 17:13:00
884,47.79,47.79,47.79,47.79,100,2022-06-10 17:16:00
885,47.8,47.8,47.8,47.8,100,2022-06-10 17:17:00
886,47.9,47.9,47.9,47.9,100,2022-06-10 17:28:00
887,47.86,47.86,47.86,47.86,202,2022-06-10 17:31:00
888,47.93,47.93,47.93,47.93,100,2022-06-10 17:37:00
889,47.88,47.88,47.88,47.88,100,2022-06-10 17:41:00
890,47.92,47.92,47.92,47.92,100,2022-06-10 17:51:00
891,47.89,47.89,47.848,47.848,500,2022-06-10 17:54:00
892,47.81,47.81,47.81,47.81,100,2022-06-10 17:58:00
893,47.76,47.77,47.76,47.77,200,2022-06-10 18:01:00
894,47.81,47.81,47.81,47.81,100,2022-06-10 18:04:00
895,47.85,47.85,47.85,47.85,100,2022-06-10 18:07:00
896,47.81,47.81,47.81,47.81,200,2022-06-10 18:08:00
897,47.84,47.84,47.84,47.84,200,2022-06-10 18:17:00
898,47.91,47.91,47.91,47.91,300,2022-06-10 18:20:00
899,47.88,47.88,47.88,47.88,400,2022-06-10 18:29:00
900,47.87,47.87,47.87,47.87,100,2022-06-10 18:31:00
901,47.94,47.94,47.92,47.92,300,2022-06-10 18:36:00
902,47.89,47.89,47.89,47.89,100,2022-06-10 18:43:00
903,47.97,47.97,47.97,47.97,100,2022-06-10 18:48:00
904,47.94,47.94,47.94,47.94,100,2022-06-10 18:50:00
905,47.9608,47.9608,47.9608,47.9608,1000,2022-06-10 18:56:00
906,48.06,48.15,48.03,48.13,6741,2022-06-10 18:57:00
907,48.12,48.12,48.12,48.12,100,2022-06-10 19:02:00
908,48.08,48.08,48.08,48.08,100,2022-06-10 19:03:00
909,48.06,48.1,48.05,48.05,400,2022-06-10 19:05:00
910,48.03,48.03,48.03,48.03,100,2022-06-10 19:06:00
911,48.09,48.11,48.09,48.11,500,2022-06-10 19:09:00
912,48.17,48.17,48.16,48.17,300,2022-06-10 19:15:00
913,48.205,48.205,48.205,48.205,100,2022-06-10 19:20:00
914,48.19,48.19,48.19,48.19,300,2022-06-10 19:22:00
915,48.2,48.2,48.2,48.2,100,2022-06-10 19:24:00
916,48.11,48.11,48.11,48.11,100,2022-06-10 19:29:00
917,48.07,48.07,48.02,48.02,300,2022-06-10 19:30:00
918,47.97,47.97,47.97,47.97,100,2022-06-10 19:32:00
919,47.88,47.88,47.88,47.88,100,2022-06-10 19:33:00
920,47.85,47.95,47.85,47.95,200,2022-06-10 19:34:00
921,47.955,47.955,47.955,47.955,100,2022-06-10 19:38:00
922,47.96,47.96,47.96,47.96,100,2022-06-10 19:41:00
923,47.94,47.94,47.94,47.94,100,2022-06-10 19:43:00
924,48.01,48.06,48.01,48.04,1000,2022-06-10 19:45:00
925,48.01,48.01,48.01,48.01,596,2022-06-10 19:48:00
926,48.01,48.01,48.01,48.01,100,2022-06-10 19:49:00
927,47.98,47.98,47.98,47.98,100,2022-06-10 19:50:00
928,48.09,48.18,48.09,48.18,600,2022-06-10 19:55:00
929,48.22,48.29,48.21,48.29,517,2022-06-10 19:57:00
930,48.29,48.29,48.29,48.29,200,2022-06-10 19:58:00
931,48.25,48.25,48.17,48.18,600,2022-06-10 19:59:00
932,48.05,48.05,48.05,48.05,8503,2022-06-10 20:00:00
